@relation Genes
@attribute one numeric
@attribute two numeric
@attribute three numeric
@attribute four numeric
@attribute type {Glu,Phe,Leu,Gly,Trp,Gin,Pro,Arg,Thr,Ser,lle,His,Ala,Cys,Tyr,Stop,Val,Met,Lys,Asn,Asp,}
@data
0.00,0.00,1.00,0.00,Lys
0.00,0.00,0.50,0.50,Glu
0.25,0.25,0.50,0.00,lle
0.50,0.00,0.25,0.25,Stop
0.50,0.00,0.25,0.25,Stop
0.50,0.00,0.25,0.25,Stop
0.50,0.00,0.25,0.25,Stop
0.50,0.00,0.25,0.25,Stop
0.50,0.00,0.25,0.25,Stop
0.50,0.00,0.25,0.25,Stop
0.50,0.00,0.25,0.25,Stop
0.50,0.00,0.25,0.25,Stop
0.50,0.00,0.25,0.25,Stop
0.50,0.00,0.25,0.25,Stop
0.50,0.00,0.25,0.25,Stop
0.50,0.00,0.25,0.25,Stop
0.50,0.00,0.25,0.25,Stop
0.50,0.00,0.25,0.25,Stop
0.50,0.00,0.25,0.25,Stop
0.50,0.00,0.25,0.25,Stop
0.50,0.00,0.25,0.25,Stop
0.50,0.00,0.25,0.25,Stop
0.50,0.00,0.25,0.25,Stop
0.50,0.00,0.25,0.25,Stop
0.50,0.00,0.25,0.25,Stop
0.50,0.00,0.25,0.25,Stop
0.50,0.00,0.25,0.25,Stop
0.50,0.00,0.25,0.25,Stop
0.50,0.00,0.25,0.25,Stop
0.50,0.00,0.25,0.25,Stop
0.50,0.00,0.25,0.25,Stop
0.50,0.00,0.25,0.25,Stop
0.50,0.00,0.25,0.25,Stop
0.50,0.00,0.25,0.25,Stop
0.50,0.00,0.25,0.25,Stop
0.50,0.00,0.25,0.25,Stop
0.50,0.00,0.25,0.25,Stop
0.50,0.00,0.25,0.25,Stop
0.50,0.00,0.25,0.25,Stop
0.50,0.00,0.25,0.25,Stop
0.50,0.00,0.25,0.25,Stop
0.50,0.00,0.25,0.25,Stop
0.50,0.00,0.25,0.25,Stop
0.50,0.00,0.25,0.25,Stop
0.50,0.00,0.25,0.25,Stop
0.50,0.00,0.25,0.25,Stop
0.50,0.00,0.25,0.25,Stop
0.50,0.00,0.25,0.25,Stop
0.50,0.00,0.25,0.25,Stop
0.50,0.00,0.25,0.25,Stop
0.50,0.00,0.25,0.25,Stop
0.50,0.00,0.25,0.25,Stop
0.50,0.00,0.25,0.25,Stop
0.50,0.00,0.25,0.25,Stop
0.50,0.00,0.25,0.25,Stop
0.50,0.00,0.25,0.25,Stop
0.50,0.00,0.25,0.25,Stop
0.50,0.00,0.25,0.25,Stop
0.50,0.00,0.25,0.25,Stop
0.50,0.00,0.25,0.25,Stop
0.50,0.00,0.25,0.25,Stop
0.50,0.00,0.25,0.25,Stop
0.50,0.00,0.25,0.25,Stop
0.50,0.00,0.25,0.25,Stop
0.50,0.00,0.25,0.25,Stop
0.50,0.00,0.25,0.25,Stop
0.50,0.00,0.25,0.25,Stop
0.50,0.00,0.25,0.25,Stop
0.50,0.00,0.25,0.25,Stop
0.50,0.00,0.25,0.25,Stop
0.50,0.00,0.25,0.25,Stop
0.50,0.00,0.25,0.25,Stop
0.50,0.00,0.25,0.25,Stop
0.50,0.00,0.25,0.25,Stop
0.50,0.00,0.25,0.25,Stop
0.50,0.00,0.25,0.25,Stop
0.50,0.00,0.25,0.25,Stop
0.50,0.00,0.25,0.25,Stop
0.50,0.00,0.25,0.25,Stop
0.50,0.00,0.25,0.25,Stop
0.50,0.00,0.25,0.25,Stop
0.00,0.50,0.25,0.25,Gin
0.25,0.75,0.00,0.00,Pro
0.00,0.50,0.50,0.00,Gin
0.00,0.00,0.75,0.25,Arg
0.25,0.25,0.00,0.50,Ala
0.50,0.25,0.25,0.00,Tyr
0.25,0.00,0.50,0.25,Ser
0.25,0.50,0.00,0.25,Leu
0.25,0.00,0.25,0.50,Val
0.00,0.00,0.75,0.25,Arg
0.00,0.00,0.25,0.75,Gly
0.25,0.00,0.75,0.00,lle
0.00,0.00,1.00,0.00,Lys
0.75,0.00,0.00,0.25,Cys
0.25,0.50,0.00,0.25,Leu
0.00,0.50,0.50,0.00,Gin
0.25,0.00,0.75,0.00,lle
0.00,0.50,0.00,0.50,Ala
0.00,0.25,0.75,0.00,Thr
0.00,0.00,0.25,0.75,Gly
0.00,0.50,0.25,0.25,Gin
0.25,0.25,0.00,0.50,Val
0.00,0.00,1.00,0.00,Lys
0.00,0.00,0.25,0.75,Gly
0.00,0.00,0.50,0.50,Arg
0.00,0.00,0.75,0.25,Arg
0.00,0.25,0.00,0.75,Gly
0.75,0.00,0.25,0.00,Tyr
0.75,0.25,0.00,0.00,Phe
0.00,0.50,0.25,0.25,Gin
0.25,0.50,0.00,0.25,Leu
0.00,0.00,0.50,0.50,Arg
0.00,0.25,0.25,0.50,Ala
0.00,1.00,0.00,0.00,Pro
0.25,0.50,0.25,0.00,His
0.00,0.50,0.25,0.25,Gin
0.00,0.00,0.50,0.50,Glu
0.00,0.25,0.50,0.25,Ser
0.00,0.50,0.50,0.00,Thr
0.00,0.75,0.25,0.00,Pro
0.00,0.25,0.25,0.50,Asp
0.75,0.25,0.00,0.00,Phe
0.25,0.50,0.25,0.00,Leu
0.00,0.50,0.50,0.00,Gin
0.75,0.00,0.25,0.00,Leu
0.25,0.50,0.25,0.00,Leu
0.00,0.25,0.25,0.50,Asp
0.00,0.25,0.75,0.00,Thr
0.75,0.25,0.00,0.00,Ser
0.00,0.50,0.25,0.25,Arg
0.50,0.25,0.00,0.25,Cys
1.00,0.00,0.00,0.00,Phe
0.50,0.25,0.25,0.00,Ser
0.50,0.50,0.00,0.00,Leu
0.25,0.75,0.00,0.00,Leu
0.75,0.00,0.25,0.00,Tyr
0.00,0.50,0.50,0.00,Gin
0.50,0.00,0.00,0.50,Trp
0.25,0.25,0.50,0.00,lle
0.25,0.25,0.00,0.50,Val
0.50,0.50,0.00,0.00,Ser
0.25,0.50,0.00,0.25,Leu
0.00,0.00,0.25,0.75,Glu
0.25,0.00,0.75,0.00,Asn
0.25,0.00,0.75,0.00,Asn
0.00,1.00,0.00,0.00,Pro
0.00,0.50,0.50,0.00,Gin
0.75,0.00,0.00,0.25,Cys
0.00,0.00,0.50,0.50,Glu
0.50,0.00,0.50,0.00,lle
0.25,0.25,0.50,0.00,Thr
0.50,0.00,0.25,0.25,Stop
0.00,0.75,0.25,0.00,His
0.25,0.25,0.00,0.50,Val
0.00,0.00,0.75,0.25,Lys
0.75,0.00,0.25,0.00,Leu
0.25,0.00,0.00,0.75,Gly
0.00,0.00,0.75,0.25,Arg
0.50,0.50,0.00,0.00,Ser
0.75,0.00,0.00,0.25,Phe
0.75,0.00,0.00,0.25,Cys
0.25,0.25,0.50,0.00,Thr
0.75,0.25,0.00,0.00,Ser
0.50,0.00,0.00,0.50,Trp
0.75,0.00,0.00,0.25,Phe
0.75,0.25,0.00,0.00,Phe
0.00,0.00,0.75,0.25,Arg
0.25,0.00,0.25,0.50,Asp
0.25,0.50,0.25,0.00,His
0.00,0.75,0.25,0.00,His
0.00,0.50,0.25,0.25,Gin
0.50,0.25,0.00,0.25,Cys
0.00,0.25,0.75,0.00,Asn
0.25,0.25,0.50,0.00,lle
0.00,1.00,0.00,0.00,Pro
0.25,0.50,0.25,0.00,His
0.25,0.50,0.25,0.00,His
0.00,0.25,0.75,0.00,Thr
0.00,0.50,0.25,0.25,Gin
0.00,0.50,0.25,0.25,Gin
0.75,0.00,0.00,0.25,Cys
0.50,0.50,0.00,0.00,Leu
0.00,0.50,0.00,0.50,Ala
0.25,0.75,0.00,0.00,Pro
0.25,0.75,0.00,0.00,Leu
0.25,0.75,0.00,0.00,Leu
0.00,1.00,0.00,0.00,Pro
0.00,0.00,0.75,0.25,Lys
0.25,0.75,0.00,0.00,Pro
0.50,0.50,0.00,0.00,Ser
0.00,0.00,0.25,0.75,Glu
0.00,0.50,0.00,0.50,Ala
0.50,0.50,0.00,0.00,Leu
0.25,0.75,0.00,0.00,Pro
0.00,0.75,0.00,0.25,Pro
0.50,0.25,0.00,0.25,Cys
0.25,0.50,0.00,0.25,Leu
0.00,0.25,0.75,0.00,Asn
0.00,1.00,0.00,0.00,Pro
0.25,0.50,0.00,0.25,Leu
0.00,0.25,0.25,0.50,Asp
0.25,0.00,0.75,0.00,lle
0.50,0.25,0.25,0.00,Ser
0.75,0.00,0.00,0.25,Cys
0.00,0.25,0.00,0.75,Gly
0.00,0.00,1.00,0.00,Lys
0.25,0.50,0.00,0.25,Leu
0.00,0.00,0.75,0.25,Lys
0.25,0.00,0.00,0.75,Gly
0.00,0.75,0.25,0.00,Pro
0.00,0.25,0.50,0.25,Thr
0.00,0.00,0.75,0.25,Arg
0.50,0.25,0.25,0.00,Tyr
0.00,0.00,0.50,0.50,Arg
0.00,0.00,0.75,0.25,Lys
0.50,0.00,0.25,0.25,Stop
0.00,0.25,0.75,0.00,Asn
0.00,0.25,0.50,0.25,Thr
0.25,0.00,0.50,0.25,Met
0.50,0.25,0.25,0.00,Tyr
0.25,0.25,0.50,0.00,Thr
0.00,0.00,0.50,0.50,Glu
0.00,0.25,0.50,0.25,Thr
0.50,0.25,0.00,0.25,Cys
0.25,0.00,0.75,0.00,Asn
0.00,0.25,0.75,0.00,Thr
0.25,0.00,0.75,0.00,Asn
0.25,0.00,0.50,0.25,Met
0.00,0.50,0.25,0.25,Gin
0.25,0.50,0.25,0.00,His
0.00,0.00,0.50,0.50,Glu
0.25,0.00,0.00,0.75,Val
0.25,0.75,0.00,0.00,Pro
0.00,0.50,0.00,0.50,Arg
0.75,0.25,0.00,0.00,Phe
0.25,0.25,0.50,0.00,Thr
0.00,0.25,0.75,0.00,Asn
0.00,0.75,0.00,0.25,Pro
0.00,0.25,0.50,0.25,Ser
0.75,0.00,0.25,0.00,Tyr
0.25,0.25,0.00,0.50,Ala
0.00,0.00,0.00,1.00,Gly
0.50,0.25,0.00,0.25,Cys
0.75,0.25,0.00,0.00,Phe
1.00,0.00,0.00,0.00,Phe
0.75,0.25,0.00,0.00,Ser
0.00,0.50,0.50,0.00,Thr
0.25,0.25,0.50,0.00,Thr
0.75,0.25,0.00,0.00,Phe
0.50,0.50,0.00,0.00,Leu
0.25,0.00,0.75,0.00,Asn
0.00,0.50,0.00,0.50,Ala
0.75,0.00,0.25,0.00,Tyr
0.00,0.00,0.25,0.75,Gly
0.00,0.75,0.25,0.00,His
0.25,0.75,0.00,0.00,Leu
0.50,0.00,0.50,0.00,lle
0.25,0.50,0.00,0.25,Leu
0.50,0.00,0.00,0.50,Trp
0.25,0.50,0.00,0.25,Leu
0.00,0.00,0.75,0.25,Lys
0.75,0.25,0.00,0.00,Phe
0.50,0.50,0.00,0.00,Leu
0.25,0.00,0.00,0.75,Val
0.75,0.25,0.00,0.00,Phe
0.25,0.00,0.75,0.00,Asn
0.50,0.50,0.00,0.00,Ser
0.00,1.00,0.00,0.00,Pro
0.25,0.50,0.25,0.00,His
0.50,0.50,0.00,0.00,Leu
0.25,0.50,0.25,0.00,His
0.50,0.00,0.25,0.25,Stop
0.00,0.25,0.75,0.00,Thr
0.50,0.50,0.00,0.00,Ser
0.75,0.25,0.00,0.00,Ser
0.25,0.00,0.00,0.75,Val
0.00,0.50,0.25,0.25,Gin
0.00,0.00,0.25,0.75,Gly
0.50,0.50,0.00,0.00,Leu
0.00,0.25,0.25,0.50,Asp
0.00,1.00,0.00,0.00,Pro
0.75,0.00,0.00,0.25,Cys
0.25,0.75,0.00,0.00,Pro
0.25,0.25,0.00,0.50,Ala
0.00,0.25,0.50,0.25,Ser
1.00,0.00,0.00,0.00,Phe
0.00,0.25,0.25,0.50,Ala
0.25,0.50,0.00,0.25,Leu
0.00,0.00,0.50,0.50,Arg
0.00,0.50,0.50,0.00,Gin
0.50,0.00,0.00,0.50,Val
0.75,0.00,0.00,0.25,Phe
0.50,0.50,0.00,0.00,Ser
0.25,0.00,0.50,0.25,Met
0.25,0.75,0.00,0.00,Pro
0.25,0.00,0.50,0.25,Ser
0.25,0.00,0.50,0.25,Ser
0.00,0.50,0.00,0.50,Ala
0.00,0.25,0.75,0.00,Thr
0.75,0.25,0.00,0.00,Ser
0.75,0.00,0.25,0.00,Leu
0.25,0.50,0.25,0.00,Leu
0.25,0.00,0.25,0.50,Asp
0.00,0.00,0.25,0.75,Glu
0.50,0.00,0.00,0.50,Val
0.75,0.25,0.00,0.00,Ser
0.00,0.00,1.00,0.00,Lys
0.00,0.00,0.25,0.75,Glu
0.50,0.50,0.00,0.00,Leu
0.00,0.25,0.00,0.75,Gly
0.25,0.00,0.50,0.25,Met
0.00,0.00,0.50,0.50,Glu
0.00,0.00,0.25,0.75,Gly
0.00,0.00,0.75,0.25,Lys
0.25,0.75,0.00,0.00,Pro
0.00,0.00,0.00,1.00,Gly
0.00,0.00,0.00,1.00,Gly
0.25,0.75,0.00,0.00,Pro
0.50,0.00,0.25,0.25,Stop
0.00,0.00,0.75,0.25,Lys
0.00,0.75,0.25,0.00,Pro
0.50,0.25,0.25,0.00,Ser
0.50,0.50,0.00,0.00,Leu
0.00,0.00,0.50,0.50,Arg
0.00,0.25,0.75,0.00,Asn
0.50,0.00,0.00,0.50,Trp
0.00,0.00,0.25,0.75,Glu
0.00,0.25,0.50,0.25,Ser
0.50,0.50,0.00,0.00,Ser
0.00,0.00,0.50,0.50,Arg
0.00,0.50,0.50,0.00,Gin
0.00,0.50,0.00,0.50,Ala
0.00,0.50,0.50,0.00,Thr
0.75,0.00,0.25,0.00,Leu
0.75,0.25,0.00,0.00,Ser
0.50,0.50,0.00,0.00,Leu
0.50,0.00,0.00,0.50,Trp
0.00,0.50,0.00,0.50,Ala
0.50,0.25,0.25,0.00,Ser
0.25,0.00,0.25,0.50,Val
0.50,0.50,0.00,0.00,Ser
0.50,0.25,0.25,0.00,Ser
0.25,0.75,0.00,0.00,Leu
0.00,0.25,0.75,0.00,Thr
0.50,0.50,0.00,0.00,Ser
0.00,0.75,0.25,0.00,Pro
0.50,0.00,0.00,0.50,Trp
0.50,0.25,0.25,0.00,Ser
0.25,0.00,0.25,0.50,Val
0.00,0.00,0.25,0.75,Glu
0.50,0.25,0.00,0.25,Cys
0.00,0.50,0.50,0.00,Gin
0.00,0.25,0.25,0.50,Ala
0.25,0.50,0.25,0.00,His
0.25,0.00,0.00,0.75,Gly
0.00,0.00,0.25,0.75,Gly
0.00,0.75,0.25,0.00,His
0.00,0.25,0.25,0.50,Ala
0.00,0.00,0.50,0.50,Glu
0.25,0.00,0.25,0.50,Val
0.75,0.00,0.00,0.25,Phe
0.25,0.25,0.50,0.00,lle
0.25,0.25,0.50,0.00,lle
0.75,0.25,0.00,0.00,Phe
0.25,0.75,0.00,0.00,Leu
0.00,0.50,0.50,0.00,Thr
0.50,0.50,0.00,0.00,Ser
0.25,0.75,0.00,0.00,Pro
0.00,0.00,0.50,0.50,Arg
0.00,0.00,0.75,0.25,Arg
0.00,0.50,0.00,0.50,Ala
0.50,0.50,0.00,0.00,Leu
0.00,0.00,0.25,0.75,Gly
0.25,0.25,0.50,0.00,lle
0.00,1.00,0.00,0.00,Pro
0.25,0.00,0.75,0.00,lle
0.50,0.00,0.50,0.00,Stop
0.75,0.00,0.25,0.00,Tyr
0.75,0.25,0.00,0.00,Ser
0.25,0.50,0.00,0.25,Leu
0.00,0.00,0.75,0.25,Lys
0.00,0.50,0.50,0.00,Thr
0.50,0.25,0.25,0.00,Ser
0.25,0.25,0.50,0.00,lle
0.00,0.50,0.50,0.00,Gin
0.50,0.00,0.25,0.25,Stop
0.00,0.50,0.00,0.50,Ala
0.00,0.00,0.25,0.75,Glu
0.50,0.00,0.50,0.00,Stop
0.75,0.00,0.00,0.25,Phe
0.25,0.25,0.50,0.00,Thr
0.00,0.50,0.00,0.50,Arg
0.50,0.00,0.25,0.25,Stop
0.00,0.50,0.50,0.00,Gin
0.25,0.25,0.50,0.00,Thr
0.25,0.50,0.25,0.00,His
0.00,0.00,0.25,0.75,Gly
0.00,0.00,0.75,0.25,Lys
0.00,0.25,0.25,0.50,Asp
0.50,0.00,0.50,0.00,lle
0.00,0.00,0.75,0.25,Arg
0.00,0.25,0.50,0.25,Ser
0.00,0.50,0.50,0.00,Gin
0.00,0.00,0.75,0.25,Lys
0.00,0.00,0.25,0.75,Glu
0.25,0.00,0.25,0.50,Val
0.00,0.00,0.25,0.75,Glu
0.75,0.00,0.25,0.00,Tyr
0.25,0.25,0.00,0.50,Val
0.00,0.75,0.25,0.00,Pro
0.25,0.00,0.25,0.50,Val
0.00,0.50,0.50,0.00,Gin
0.50,0.00,0.50,0.00,Stop
0.00,0.75,0.25,0.00,Pro
0.00,0.50,0.00,0.50,Ala
0.75,0.25,0.00,0.00,Ser
0.25,0.00,0.25,0.50,Asp
0.25,0.75,0.00,0.00,Leu
0.00,0.00,0.75,0.25,Lys
0.00,0.00,0.50,0.50,Glu
0.00,0.00,0.50,0.50,Glu
0.00,0.00,0.75,0.25,Arg
0.00,0.25,0.75,0.00,Thr
0.00,0.00,0.25,0.75,Glu
0.25,0.50,0.00,0.25,Leu
0.00,0.50,0.25,0.25,Gin
0.25,0.00,0.00,0.75,Val
0.00,0.00,0.75,0.25,Arg
0.25,0.00,0.50,0.25,Ser
0.25,0.00,0.00,0.75,Val
0.00,0.75,0.00,0.25,Arg
0.25,0.75,0.00,0.00,Leu
0.00,0.00,1.00,0.00,Lys
0.50,0.25,0.25,0.00,Ser
0.00,0.75,0.25,0.00,Pro
0.00,0.00,0.75,0.25,Lys
0.50,0.00,0.25,0.25,Stop
0.00,0.00,0.25,0.75,Glu
0.50,0.00,0.00,0.50,Trp
0.00,0.00,0.75,0.25,Lys
0.00,0.00,0.25,0.75,Glu
0.00,0.75,0.25,0.00,His
0.00,0.75,0.25,0.00,Pro
0.00,0.75,0.25,0.00,Pro
0.25,0.25,0.00,0.50,Val
0.25,0.75,0.00,0.00,Pro
0.50,0.00,0.00,0.50,Trp
0.00,0.00,0.50,0.50,Arg
0.00,0.50,0.25,0.25,Arg
0.50,0.50,0.00,0.00,Ser
0.25,0.50,0.25,0.00,Leu
0.00,0.00,0.75,0.25,Arg
0.00,0.75,0.00,0.25,Pro
0.25,0.00,0.00,0.75,Val
0.00,0.00,0.75,0.25,Arg
0.25,0.00,0.50,0.25,Met
0.25,0.25,0.00,0.50,Ala
0.50,0.25,0.00,0.25,Ser
0.00,0.00,1.00,0.00,Lys
0.25,0.00,0.75,0.00,Asn
0.25,0.00,0.00,0.75,Val
0.25,0.25,0.50,0.00,lle
0.25,0.25,0.00,0.50,Val
0.25,0.75,0.00,0.00,Leu
0.00,0.25,0.75,0.00,Asn
0.00,1.00,0.00,0.00,Pro
0.00,0.25,0.75,0.00,Thr
0.25,0.25,0.00,0.50,Val
0.75,0.00,0.00,0.25,Phe
0.00,0.25,0.75,0.00,Asn
0.25,0.50,0.25,0.00,Leu
0.00,0.25,0.75,0.00,Thr
0.00,0.00,0.25,0.75,Gly
0.25,0.00,0.25,0.50,Asp
0.50,0.50,0.00,0.00,Leu
0.00,0.00,0.50,0.50,Glu
0.00,0.50,0.00,0.50,Ala
0.50,0.00,0.25,0.25,Stop
0.00,0.00,0.75,0.25,Lys
0.00,0.25,0.75,0.00,Thr
0.00,0.75,0.25,0.00,Pro
0.50,0.50,0.00,0.00,Leu
0.50,0.00,0.25,0.25,Stop
0.25,0.00,0.25,0.50,Asp
0.00,0.50,0.50,0.00,Gin
0.00,0.50,0.25,0.25,Gin
0.00,0.50,0.25,0.25,Gin
0.25,0.25,0.50,0.00,lle
0.75,0.00,0.00,0.25,Cys
0.00,0.25,0.25,0.50,Asp
1.00,0.00,0.00,0.00,Phe
0.00,0.75,0.25,0.00,Pro
0.00,0.50,0.25,0.25,Gin
0.00,0.50,0.25,0.25,Gin
0.00,0.25,0.25,0.50,Ala
0.00,0.75,0.25,0.00,His
0.00,0.00,0.75,0.25,Arg
0.00,0.50,0.50,0.00,Thr
0.25,0.50,0.25,0.00,Leu
0.00,0.00,0.25,0.75,Glu
0.75,0.00,0.25,0.00,Leu
0.25,0.25,0.00,0.50,Val
0.00,0.00,0.25,0.75,Glu
0.50,0.00,0.00,0.50,Val
0.00,0.00,0.25,0.75,Gly
0.25,0.50,0.25,0.00,His
0.00,0.00,0.50,0.50,Arg
0.00,0.00,0.75,0.25,Lys
0.00,0.25,0.00,0.75,Gly
0.75,0.25,0.00,0.00,Phe
0.00,0.50,0.50,0.00,Gin
0.00,0.25,0.75,0.00,Thr
0.00,0.75,0.25,0.00,His
0.00,0.00,0.75,0.25,Arg
0.00,0.00,0.50,0.50,Glu
0.50,0.00,0.50,0.00,lle
0.25,0.50,0.25,0.00,His
0.00,0.00,0.25,0.75,Gly
0.50,0.50,0.00,0.00,Ser
0.50,0.00,0.50,0.00,Stop
0.50,0.00,0.50,0.00,lle
0.25,0.00,0.75,0.00,lle
0.00,0.00,0.75,0.25,Lys
0.00,0.00,0.25,0.75,Gly
0.25,0.00,0.00,0.75,Gly
0.75,0.25,0.00,0.00,Ser
0.75,0.00,0.25,0.00,Leu
0.00,0.00,1.00,0.00,Lys
0.00,0.00,0.50,0.50,Glu
0.00,0.75,0.25,0.00,Pro
0.00,0.00,0.75,0.25,Arg
0.50,0.00,0.25,0.25,Stop
0.75,0.25,0.00,0.00,Phe
0.50,0.00,0.25,0.25,Stop
0.25,0.00,0.25,0.50,Asp
0.75,0.00,0.25,0.00,Leu
0.50,0.50,0.00,0.00,Ser
0.50,0.00,0.25,0.25,Stop
0.25,0.25,0.00,0.50,Ala
1.00,0.00,0.00,0.00,Phe
1.00,0.00,0.00,0.00,Phe
1.00,0.00,0.00,0.00,Phe
1.00,0.00,0.00,0.00,Phe
1.00,0.00,0.00,0.00,Phe
1.00,0.00,0.00,0.00,Phe
0.75,0.00,0.00,0.25,Phe
0.25,0.00,0.25,0.50,Asp
0.00,0.25,0.25,0.50,Ala
0.00,0.00,0.25,0.75,Glu
0.75,0.25,0.00,0.00,Ser
0.00,0.75,0.00,0.25,Arg
0.75,0.25,0.00,0.00,Ser
0.25,0.25,0.00,0.50,Val
0.00,0.50,0.00,0.50,Ala
0.00,0.50,0.25,0.25,Gin
0.25,0.25,0.00,0.50,Ala
0.00,0.00,0.25,0.75,Gly
0.25,0.00,0.00,0.75,Val
0.00,0.50,0.25,0.25,Gin
0.50,0.00,0.00,0.50,Trp
0.25,0.50,0.00,0.25,Arg
0.25,0.00,0.25,0.50,Asp
0.25,0.75,0.00,0.00,Leu
0.00,0.25,0.00,0.75,Gly
0.50,0.00,0.50,0.00,Stop
0.25,0.50,0.00,0.25,Leu
0.00,0.50,0.50,0.00,Gin
0.25,0.75,0.00,0.00,Pro
0.00,0.75,0.25,0.00,Pro
0.25,0.75,0.00,0.00,Pro
0.00,0.75,0.00,0.25,Arg
0.00,0.00,0.00,1.00,Gly
0.75,0.25,0.00,0.00,Phe
0.00,0.00,0.75,0.25,Lys
0.00,0.50,0.50,0.00,Gin
0.75,0.25,0.00,0.00,Phe
0.25,0.75,0.00,0.00,Pro
0.00,0.50,0.00,0.50,Ala
0.50,0.25,0.00,0.25,Ser
0.00,0.50,0.00,0.50,Ala
0.50,0.50,0.00,0.00,Ser
0.50,0.00,0.25,0.25,Stop
0.25,0.00,0.75,0.00,lle
0.25,0.25,0.00,0.50,Ala
0.00,0.00,0.00,1.00,Gly
0.50,0.00,0.50,0.00,lle
0.00,0.25,0.75,0.00,Thr
0.00,0.25,0.00,0.75,Gly
0.00,0.50,0.00,0.50,Ala
0.50,0.25,0.00,0.25,Cys
0.00,0.75,0.25,0.00,His
0.00,0.75,0.25,0.00,His
0.00,0.50,0.50,0.00,Thr
0.50,0.00,0.00,0.50,Trp
0.25,0.50,0.25,0.00,Leu
0.50,0.00,0.50,0.00,lle
1.00,0.00,0.00,0.00,Phe
0.25,0.00,0.25,0.50,Val
1.00,0.00,0.00,0.00,Phe
0.75,0.00,0.25,0.00,Leu
0.00,0.25,0.25,0.50,Ala
0.00,0.00,0.25,0.75,Glu
0.00,0.25,0.50,0.25,Thr
0.00,0.00,0.25,0.75,Gly
1.00,0.00,0.00,0.00,Phe
0.00,0.75,0.25,0.00,His
0.25,0.50,0.25,0.00,His
0.50,0.50,0.00,0.00,Leu
0.00,0.25,0.00,0.75,Gly
0.00,0.50,0.25,0.25,Gin
0.25,0.25,0.00,0.50,Ala
0.25,0.00,0.00,0.75,Gly
0.50,0.50,0.00,0.00,Leu
0.00,0.00,0.50,0.50,Glu
0.25,0.75,0.00,0.00,Leu
0.25,0.50,0.00,0.25,Leu
0.25,0.25,0.50,0.00,lle
0.50,0.25,0.25,0.00,Ser
0.50,0.00,0.25,0.25,Stop
0.50,0.50,0.00,0.00,Ser
0.00,0.50,0.50,0.00,Thr
0.00,0.75,0.25,0.00,His
0.50,0.50,0.00,0.00,Leu
0.00,0.25,0.00,0.75,Gly
0.25,0.75,0.00,0.00,Leu
0.25,0.75,0.00,0.00,Pro
0.00,0.00,0.75,0.25,Lys
0.50,0.00,0.00,0.50,Trp
0.50,0.00,0.00,0.50,Trp
0.25,0.00,0.25,0.50,Asp
0.50,0.25,0.25,0.00,Tyr
0.00,0.00,0.50,0.50,Arg
0.25,0.50,0.00,0.25,Arg
0.25,0.00,0.00,0.75,Val
0.00,1.00,0.00,0.00,Pro
0.00,0.25,0.75,0.00,Asn
1.00,0.00,0.00,0.00,Phe
0.50,0.50,0.00,0.00,Ser
0.50,0.00,0.25,0.25,Stop
0.00,0.50,0.00,0.50,Ala
1.00,0.00,0.00,0.00,Phe
0.50,0.00,0.25,0.25,Stop
0.00,0.25,0.00,0.75,Gly
0.50,0.00,0.25,0.25,Stop
0.00,0.75,0.25,0.00,His
0.00,0.50,0.25,0.25,Gin
0.00,0.00,0.50,0.50,Arg
0.50,0.00,0.25,0.25,Stop
0.00,0.00,0.75,0.25,Lys
0.00,1.00,0.00,0.00,Pro
0.00,0.25,0.50,0.25,Ser
0.25,0.75,0.00,0.00,Leu
0.50,0.50,0.00,0.00,Ser
0.00,0.75,0.25,0.00,Pro
0.25,0.50,0.00,0.25,Leu
0.00,0.50,0.00,0.50,Ala
0.25,0.00,0.50,0.25,Met
0.50,0.00,0.00,0.50,Trp
0.00,0.00,0.25,0.75,Gly
0.00,0.00,0.25,0.75,Glu
0.25,0.25,0.00,0.50,Ala
0.00,0.75,0.25,0.00,Pro
0.00,0.50,0.00,0.50,Ala
0.50,0.25,0.00,0.25,Cys
0.00,0.25,0.50,0.25,Ser
0.00,0.25,0.75,0.00,Asn
0.00,0.50,0.25,0.25,Gin
0.00,0.00,0.25,0.75,Gly
0.75,0.25,0.00,0.00,Ser
0.00,0.25,0.00,0.75,Gly
0.25,0.75,0.00,0.00,Leu
0.00,0.00,0.75,0.25,Lys
0.50,0.00,0.25,0.25,Stop
0.50,0.25,0.00,0.25,Cys
0.00,1.00,0.00,0.00,Pro
0.00,0.25,0.75,0.00,Asn
0.25,0.00,0.50,0.25,Ser
0.00,0.00,0.00,1.00,Gly
0.00,0.50,0.25,0.25,Arg
0.50,0.50,0.00,0.00,Leu
0.00,1.00,0.00,0.00,Pro
0.25,0.00,0.50,0.25,Ser
0.25,0.25,0.50,0.00,Thr
0.50,0.00,0.00,0.50,Val
0.00,0.00,0.50,0.50,Arg
0.00,0.00,0.75,0.25,Arg
0.25,0.25,0.50,0.00,lle
0.00,0.75,0.25,0.00,Pro
0.25,0.00,0.50,0.25,Ser
0.25,0.50,0.25,0.00,Leu
0.50,0.00,0.50,0.00,lle
0.00,0.50,0.50,0.00,Gin
0.25,0.00,0.50,0.25,Ser
0.50,0.00,0.25,0.25,Stop
1.00,0.00,0.00,0.00,Phe
1.00,0.00,0.00,0.00,Phe
0.25,0.25,0.50,0.00,Thr
0.00,0.25,0.50,0.25,Ser
0.25,0.00,0.75,0.00,Asn
0.50,0.00,0.50,0.00,Stop
0.50,0.00,0.25,0.25,Stop
0.50,0.00,0.25,0.25,Stop
0.00,0.25,0.75,0.00,Thr
0.50,0.00,0.00,0.50,Trp
0.75,0.25,0.00,0.00,Ser
0.00,0.75,0.25,0.00,Pro
0.75,0.00,0.00,0.25,Phe
0.25,0.75,0.00,0.00,Leu
0.00,0.00,0.75,0.25,Lys
0.25,0.25,0.00,0.50,Ala
0.25,0.50,0.00,0.25,Leu
0.00,0.00,0.25,0.75,Gly
0.00,0.00,0.75,0.25,Arg
0.75,0.25,0.00,0.00,Ser
0.00,0.00,0.75,0.25,Arg
0.25,0.50,0.25,0.00,Leu
0.00,0.00,0.25,0.75,Glu
0.00,0.00,1.00,0.00,Lys
0.00,0.25,0.50,0.25,Thr
0.25,0.25,0.50,0.00,lle
0.00,0.50,0.50,0.00,Thr
0.00,0.25,0.25,0.50,Asp
0.75,0.25,0.00,0.00,Phe
0.50,0.25,0.25,0.00,Tyr
0.00,0.75,0.25,0.00,His
0.00,0.50,0.50,0.00,Thr
0.75,0.00,0.00,0.25,Cys
0.00,0.00,0.00,1.00,Gly
0.25,0.75,0.00,0.00,Pro
0.00,0.50,0.25,0.25,Gin
0.75,0.25,0.00,0.00,Phe
0.75,0.25,0.00,0.00,Phe
0.25,0.75,0.00,0.00,Pro
0.25,0.50,0.00,0.25,Leu
0.25,0.25,0.00,0.50,Val
0.25,0.50,0.25,0.00,His
0.25,0.00,0.00,0.75,Gly
0.50,0.25,0.25,0.00,Tyr
0.00,0.75,0.25,0.00,His
0.25,0.00,0.50,0.25,Ser
0.00,0.25,0.75,0.00,Asn
0.00,1.00,0.00,0.00,Pro
0.75,0.00,0.00,0.25,Phe
0.50,0.00,0.50,0.00,Stop
0.00,0.00,0.50,0.50,Arg
0.75,0.00,0.00,0.25,Cys
0.75,0.25,0.00,0.00,Phe
0.00,1.00,0.00,0.00,Pro
0.00,0.00,0.50,0.50,Arg
0.25,0.00,0.00,0.75,Gly
0.00,1.00,0.00,0.00,Pro
0.50,0.00,0.25,0.25,Stop
0.25,0.00,0.50,0.25,Ser
0.25,0.75,0.00,0.00,Pro
0.25,0.50,0.00,0.25,Leu
0.25,0.00,0.50,0.25,Ser
0.00,0.75,0.25,0.00,His
0.25,0.50,0.25,0.00,His
0.25,0.00,0.75,0.00,Asn
0.75,0.25,0.00,0.00,Ser
0.00,0.00,0.00,1.00,Gly
0.50,0.25,0.25,0.00,Ser
0.00,0.25,0.75,0.00,Thr
0.00,0.00,0.50,0.50,Glu
0.25,0.00,0.50,0.25,Met
0.00,0.00,0.25,0.75,Glu
0.00,0.00,0.50,0.50,Arg
0.50,0.00,0.50,0.00,Stop
0.00,0.00,0.25,0.75,Glu
0.00,0.00,0.25,0.75,Glu
0.00,0.25,0.75,0.00,Thr
0.25,0.75,0.00,0.00,Leu
0.00,1.00,0.00,0.00,Pro
0.50,0.25,0.00,0.25,Cys
0.25,0.75,0.00,0.00,Pro
0.00,0.25,0.00,0.75,Gly
0.50,0.00,0.00,0.50,Trp
0.50,0.50,0.00,0.00,Ser
0.00,0.75,0.25,0.00,His
0.25,0.00,0.00,0.75,Val
0.75,0.25,0.00,0.00,Phe
0.25,0.00,0.50,0.25,Met
0.00,0.25,0.25,0.50,Ala
0.25,0.00,0.25,0.50,Val
0.00,0.50,0.50,0.00,Thr
0.75,0.00,0.00,0.25,Cys
0.25,0.50,0.00,0.25,Leu
0.00,0.00,0.00,1.00,Gly
0.00,0.25,0.50,0.25,Ser
0.25,0.75,0.00,0.00,Leu
0.00,0.50,0.00,0.50,Ala
0.00,0.50,0.50,0.00,Thr
0.25,0.75,0.00,0.00,Pro
0.25,0.00,0.00,0.75,Val
0.50,0.50,0.00,0.00,Ser
0.00,0.50,0.50,0.00,Thr
0.50,0.25,0.00,0.25,Cys
0.00,0.00,0.75,0.25,Arg
0.50,0.00,0.00,0.50,Val
0.25,0.00,0.50,0.25,Met
0.00,0.50,0.25,0.25,Gin
0.50,0.00,0.00,0.50,Trp
0.50,0.50,0.00,0.00,Ser
0.00,0.75,0.25,0.00,Pro
0.25,0.25,0.50,0.00,Thr
0.00,0.00,0.50,0.50,Arg
0.00,0.50,0.00,0.50,Ala
0.25,0.75,0.00,0.00,Pro
0.00,0.50,0.00,0.50,Ala
0.00,0.50,0.50,0.00,Thr
0.25,0.75,0.00,0.00,Leu
0.50,0.00,0.50,0.00,lle
0.25,0.75,0.00,0.00,Pro
0.00,0.00,0.75,0.25,Lys
0.00,0.00,0.25,0.75,Gly
0.00,0.25,0.00,0.75,Gly
0.50,0.00,0.00,0.50,Trp
0.00,0.00,0.75,0.25,Arg
0.50,0.50,0.00,0.00,Leu
0.50,0.50,0.00,0.00,Leu
0.00,0.75,0.25,0.00,Pro
0.50,0.00,0.00,0.50,Trp
0.00,0.75,0.00,0.25,Pro
0.00,0.00,1.00,0.00,Lys
0.25,0.25,0.50,0.00,lle
0.00,0.75,0.25,0.00,His
0.25,0.25,0.50,0.00,lle
0.50,0.00,0.50,0.00,Stop
0.25,0.25,0.00,0.50,Val
0.00,1.00,0.00,0.00,Pro
0.00,0.25,0.00,0.75,Gly
0.25,0.25,0.50,0.00,Thr
0.00,0.25,0.50,0.25,Ser
0.00,0.00,1.00,0.00,Lys
0.00,0.00,0.75,0.25,Lys
0.00,0.50,0.00,0.50,Ala
0.25,0.50,0.00,0.25,Leu
0.50,0.25,0.25,0.00,Ser
0.50,0.00,0.00,0.50,Trp
0.00,0.00,0.00,1.00,Gly
0.25,0.75,0.00,0.00,Leu
0.25,0.75,0.00,0.00,Pro
0.00,0.50,0.00,0.50,Ala
0.00,0.75,0.25,0.00,Pro
0.50,0.00,0.00,0.50,Val
0.00,0.00,0.25,0.75,Glu
0.50,0.00,0.50,0.00,lle
0.00,0.00,0.25,0.75,Gly
0.00,0.00,0.25,0.75,Gly
0.00,0.25,0.75,0.00,Thr
0.50,0.00,0.00,0.50,Trp
0.00,0.00,0.75,0.25,Lys
0.00,0.00,0.75,0.25,Lys
0.25,0.50,0.25,0.00,Leu
0.00,0.00,1.00,0.00,Lys
0.50,0.00,0.50,0.00,Stop
0.25,0.50,0.25,0.00,Leu
0.25,0.00,0.75,0.00,Asn
0.00,0.25,0.75,0.00,Asn
0.50,0.25,0.25,0.00,Ser
0.25,0.00,0.25,0.50,Val
0.00,0.25,0.25,0.50,Ala
0.50,0.25,0.25,0.00,Ser
0.00,0.75,0.25,0.00,His
0.50,0.25,0.25,0.00,Tyr
0.25,0.50,0.00,0.25,Leu
0.25,0.75,0.00,0.00,Leu
0.50,0.00,0.00,0.50,Trp
0.00,0.00,0.75,0.25,Arg
0.00,0.00,1.00,0.00,Lys
0.00,0.00,1.00,0.00,Lys
0.25,0.00,0.75,0.00,Asn
0.75,0.00,0.25,0.00,Leu
0.25,0.00,0.75,0.00,lle
0.75,0.00,0.25,0.00,Leu
0.75,0.00,0.25,0.00,Leu
1.00,0.00,0.00,0.00,Phe
1.00,0.00,0.00,0.00,Phe
0.50,0.00,0.00,0.50,Val
1.00,0.00,0.00,0.00,Phe
0.50,0.00,0.25,0.25,Stop
0.25,0.00,0.25,0.50,Asp
0.00,0.00,0.25,0.75,Gly
0.50,0.00,0.00,0.50,Val
0.25,0.50,0.00,0.25,Leu
0.25,0.75,0.00,0.00,Leu
0.50,0.25,0.00,0.25,Cys
0.50,0.25,0.00,0.25,Cys
0.00,0.25,0.75,0.00,Thr
0.00,0.25,0.00,0.75,Gly
0.50,0.00,0.00,0.50,Trp
0.25,0.00,0.50,0.25,Ser
0.00,0.25,0.25,0.50,Ala
0.25,0.00,0.00,0.75,Val
0.00,0.25,0.00,0.75,Ala
0.00,0.50,0.50,0.00,Gin
0.75,0.25,0.00,0.00,Ser
0.50,0.00,0.00,0.50,Trp
0.25,0.75,0.00,0.00,Leu
0.00,0.25,0.50,0.25,Thr
0.00,0.25,0.25,0.50,Ala
0.00,0.50,0.50,0.00,Thr
0.75,0.25,0.00,0.00,Ser
0.00,0.50,0.00,0.50,Ala
0.50,0.50,0.00,0.00,Ser
0.50,0.00,0.25,0.25,Stop
0.00,0.00,0.00,1.00,Gly
0.75,0.25,0.00,0.00,Phe
0.00,0.00,0.75,0.25,Lys
0.50,0.00,0.25,0.25,Stop
0.75,0.25,0.00,0.00,Phe
0.50,0.50,0.00,0.00,Ser
0.00,0.75,0.00,0.25,Arg
0.25,0.75,0.00,0.00,Leu
0.00,0.25,0.50,0.25,Ser
0.25,0.75,0.00,0.00,Leu
0.00,0.75,0.00,0.25,Pro
0.25,0.00,0.50,0.25,Ser
0.25,0.00,0.50,0.25,Ser
0.50,0.00,0.00,0.50,Trp
0.25,0.00,0.25,0.50,Asp
0.50,0.25,0.25,0.00,Tyr
0.00,0.25,0.50,0.25,Ser
0.50,0.25,0.25,0.00,Ser
0.50,0.25,0.00,0.25,Cys
0.00,0.75,0.25,0.00,His
0.00,0.75,0.25,0.00,His
0.00,0.50,0.00,0.50,Ala
0.00,0.50,0.25,0.25,Gin
0.25,0.50,0.25,0.00,Leu
0.50,0.00,0.50,0.00,lle
1.00,0.00,0.00,0.00,Phe
0.25,0.00,0.25,0.50,Val
0.50,0.50,0.00,0.00,Leu
0.75,0.00,0.25,0.00,Leu
0.25,0.00,0.25,0.50,Val
0.00,0.00,0.25,0.75,Glu
0.25,0.00,0.50,0.25,Met
0.00,0.00,0.25,0.75,Glu
1.00,0.00,0.00,0.00,Phe
0.50,0.25,0.00,0.25,Cys
0.25,0.50,0.25,0.00,His
0.50,0.00,0.00,0.50,Val
0.00,0.25,0.00,0.75,Gly
0.50,0.00,0.25,0.25,Stop
0.75,0.25,0.00,0.00,Ser
0.00,0.25,0.00,0.75,Gly
0.50,0.50,0.00,0.00,Leu
0.00,0.00,0.50,0.50,Glu
0.25,0.75,0.00,0.00,Leu
0.25,0.50,0.00,0.25,Leu
0.00,0.50,0.50,0.00,Thr
0.50,0.25,0.25,0.00,Ser
0.25,0.00,0.50,0.25,Ser
0.25,0.00,0.25,0.50,Asp
0.00,0.75,0.25,0.00,Pro
0.00,1.00,0.00,0.00,Pro
0.00,0.50,0.50,0.00,Thr
0.50,0.25,0.25,0.00,Ser
0.00,0.00,0.75,0.25,Lys
0.00,0.75,0.25,0.00,Pro
0.00,1.00,0.00,0.00,Pro
0.00,0.00,1.00,0.00,Lys
0.50,0.00,0.00,0.50,Val
0.50,0.00,0.00,0.50,Trp
0.00,0.00,0.25,0.75,Gly
0.75,0.00,0.25,0.00,Leu
0.00,0.50,0.50,0.00,Gin
0.00,0.25,0.00,0.75,Ala
0.50,0.00,0.25,0.25,Stop
0.00,0.50,0.00,0.50,Ala
0.25,0.25,0.50,0.00,Thr
0.25,0.00,0.00,0.75,Val
0.50,0.50,0.00,0.00,Ser
0.00,0.25,0.00,0.75,Gly
0.25,0.50,0.00,0.25,Leu
0.00,0.00,0.25,0.75,Glu
0.00,0.00,1.00,0.00,Lys
0.00,0.00,0.25,0.75,Gly
0.50,0.50,0.00,0.00,Leu
0.50,0.00,0.50,0.00,Stop
0.25,0.00,0.50,0.25,Met
0.00,0.25,0.50,0.25,Thr
0.00,0.50,0.50,0.00,Gin
0.75,0.00,0.00,0.25,Cys
0.00,0.00,0.50,0.50,Arg
0.00,0.00,0.75,0.25,Lys
0.00,0.25,0.50,0.25,Ser
0.00,0.00,0.75,0.25,Lys
0.50,0.00,0.00,0.50,Val
0.25,0.00,0.00,0.75,Val
0.00,0.00,0.25,0.75,Glu
0.25,0.25,0.50,0.00,lle
0.50,0.25,0.00,0.25,Cys
0.50,0.25,0.00,0.25,Cys
0.25,0.75,0.00,0.00,Pro
0.00,0.25,0.00,0.75,Gly
0.50,0.00,0.25,0.25,Stop
0.25,0.00,0.00,0.75,Gly
0.00,0.25,0.50,0.25,Ser
0.50,0.25,0.25,0.00,Ser
0.50,0.25,0.00,0.25,Cys
0.25,0.00,0.75,0.00,Asn
0.00,0.50,0.25,0.25,Gin
0.75,0.25,0.00,0.00,Ser
0.25,0.75,0.00,0.00,Leu
0.50,0.00,0.25,0.25,Stop
0.00,0.50,0.00,0.50,Ala
0.00,0.25,0.75,0.00,Thr
0.25,0.25,0.00,0.50,Val
0.75,0.25,0.00,0.00,Ser
0.50,0.00,0.25,0.25,Stop
0.75,0.25,0.00,0.00,Ser
0.25,0.00,0.00,0.75,Val
0.00,0.00,1.00,0.00,Lys
0.50,0.25,0.00,0.25,Ser
0.00,0.00,0.50,0.50,Glu
0.00,0.00,0.50,0.50,Glu
0.25,0.00,0.75,0.00,Asn
0.25,0.00,0.75,0.00,Asn
0.00,0.50,0.50,0.00,Thr
0.50,0.50,0.00,0.00,Ser
0.75,0.25,0.00,0.00,Phe
0.00,0.25,0.75,0.00,Thr
0.00,0.00,0.75,0.25,Arg
0.00,0.50,0.50,0.00,Gin
0.25,0.00,0.00,0.75,Val
0.25,0.25,0.00,0.50,Ala
0.25,0.00,0.25,0.50,Asp
0.25,0.00,0.25,0.50,Asp
0.25,0.00,0.25,0.50,Asp
0.25,0.00,0.25,0.50,Asp
0.25,0.00,0.25,0.50,Asp
0.25,0.00,0.25,0.50,Asp
0.25,0.00,0.25,0.50,Asp
0.25,0.00,0.25,0.50,Asp
0.25,0.00,0.25,0.50,Asp
0.25,0.00,0.25,0.50,Asp
0.25,0.00,0.25,0.50,Asp
0.25,0.00,0.25,0.50,Asp
0.25,0.00,0.25,0.50,Asp
0.25,0.00,0.25,0.50,Asp
0.25,0.00,0.25,0.50,Asp
0.25,0.00,0.25,0.50,Asp
0.25,0.00,0.25,0.50,Asp
0.25,0.00,0.25,0.50,Asp
0.25,0.00,0.25,0.50,Asp
0.25,0.00,0.25,0.50,Asp
0.25,0.00,0.25,0.50,Asp
0.25,0.00,0.25,0.50,Asp
0.25,0.00,0.25,0.50,Asp
0.25,0.00,0.25,0.50,Asp
0.25,0.00,0.25,0.50,Asp
0.25,0.00,0.25,0.50,Asp
0.25,0.00,0.25,0.50,Asp
0.25,0.00,0.25,0.50,Asp
0.25,0.00,0.25,0.50,Asp
0.25,0.00,0.25,0.50,Asp
0.25,0.00,0.25,0.50,Asp
0.25,0.00,0.25,0.50,Asp
0.25,0.00,0.25,0.50,Asp
0.25,0.00,0.25,0.50,Asp
0.25,0.00,0.25,0.50,Asp
0.25,0.00,0.25,0.50,Asp
0.25,0.00,0.25,0.50,Asp
0.25,0.00,0.25,0.50,Asp
0.25,0.00,0.25,0.50,Asp
0.25,0.00,0.25,0.50,Asp
0.25,0.00,0.25,0.50,Asp
0.25,0.00,0.25,0.50,Asp
0.25,0.00,0.25,0.50,Asp
0.25,0.00,0.25,0.50,Asp
0.25,0.00,0.25,0.50,Asp
0.25,0.00,0.25,0.50,Asp
0.25,0.00,0.25,0.50,Asp
0.25,0.00,0.25,0.50,Asp
0.25,0.00,0.25,0.50,Asp
0.25,0.00,0.25,0.50,Asp
0.25,0.00,0.25,0.50,Asp
0.25,0.00,0.25,0.50,Asp
0.25,0.00,0.25,0.50,Asp
0.25,0.00,0.25,0.50,Asp
0.25,0.00,0.25,0.50,Asp
0.25,0.00,0.25,0.50,Asp
0.25,0.00,0.25,0.50,Asp
0.25,0.00,0.25,0.50,Asp
0.25,0.00,0.25,0.50,Asp
0.25,0.00,0.25,0.50,Asp
0.25,0.00,0.25,0.50,Asp
0.25,0.00,0.25,0.50,Asp
0.25,0.00,0.25,0.50,Asp
0.25,0.00,0.25,0.50,Asp
0.25,0.00,0.25,0.50,Asp
0.25,0.00,0.25,0.50,Asp
0.25,0.00,0.25,0.50,Asp
0.25,0.00,0.25,0.50,Asp
0.25,0.00,0.25,0.50,Asp
0.25,0.00,0.25,0.50,Asp
0.25,0.00,0.25,0.50,Asp
0.25,0.00,0.25,0.50,Asp
0.25,0.00,0.25,0.50,Asp
0.25,0.00,0.25,0.50,Asp
0.25,0.00,0.25,0.50,Asp
0.25,0.00,0.25,0.50,Asp
0.25,0.00,0.25,0.50,Asp
0.25,0.00,0.25,0.50,Asp
0.25,0.00,0.25,0.50,Asp
0.25,0.00,0.25,0.50,Asp
0.25,0.00,0.25,0.50,Asp
0.25,0.00,0.25,0.50,Asp
0.25,0.00,0.25,0.50,Asp
0.25,0.00,0.25,0.50,Asp
0.25,0.00,0.25,0.50,Asp
0.25,0.00,0.25,0.50,Asp
0.25,0.00,0.25,0.50,Asp
0.25,0.00,0.25,0.50,Asp
0.25,0.00,0.25,0.50,Asp
0.25,0.00,0.25,0.50,Asp
0.25,0.00,0.25,0.50,Asp
0.25,0.00,0.25,0.50,Asp
0.25,0.00,0.25,0.50,Asp
0.25,0.00,0.25,0.50,Asp
0.25,0.00,0.25,0.50,Asp
0.25,0.00,0.25,0.50,Asp
0.25,0.00,0.25,0.50,Asp
0.25,0.00,0.25,0.50,Asp
0.25,0.00,0.25,0.50,Asp
0.25,0.00,0.25,0.50,Asp
0.25,0.00,0.25,0.50,Asp
0.25,0.00,0.25,0.50,Asp
0.25,0.00,0.25,0.50,Asp
0.25,0.00,0.25,0.50,Asp
0.25,0.00,0.25,0.50,Asp
0.25,0.00,0.25,0.50,Asp
0.25,0.00,0.25,0.50,Asp
0.25,0.00,0.25,0.50,Asp
0.25,0.00,0.25,0.50,Asp
0.25,0.00,0.25,0.50,Asp
0.25,0.00,0.25,0.50,Asp
0.25,0.00,0.25,0.50,Asp
0.25,0.00,0.25,0.50,Asp
0.25,0.00,0.25,0.50,Asp
0.25,0.00,0.25,0.50,Asp
0.25,0.00,0.25,0.50,Asp
0.25,0.00,0.25,0.50,Asp
0.25,0.00,0.25,0.50,Asp
0.25,0.00,0.25,0.50,Asp
0.25,0.00,0.25,0.50,Asp
0.25,0.00,0.25,0.50,Asp
0.25,0.00,0.25,0.50,Asp
0.25,0.00,0.25,0.50,Asp
0.25,0.00,0.25,0.50,Asp
0.25,0.00,0.25,0.50,Asp
0.25,0.00,0.25,0.50,Asp
0.25,0.00,0.25,0.50,Asp
0.25,0.00,0.25,0.50,Asp
0.25,0.00,0.25,0.50,Asp
0.25,0.00,0.25,0.50,Asp
0.25,0.00,0.25,0.50,Asp
0.25,0.00,0.25,0.50,Asp
0.25,0.00,0.25,0.50,Asp
0.25,0.00,0.25,0.50,Asp
0.25,0.00,0.25,0.50,Asp
0.25,0.00,0.25,0.50,Asp
0.25,0.00,0.25,0.50,Asp
0.25,0.00,0.25,0.50,Asp
0.25,0.00,0.25,0.50,Asp
0.25,0.00,0.25,0.50,Asp
0.25,0.00,0.25,0.50,Asp
0.25,0.00,0.25,0.50,Asp
0.25,0.00,0.25,0.50,Asp
0.25,0.00,0.25,0.50,Asp
0.25,0.00,0.25,0.50,Asp
0.25,0.00,0.25,0.50,Asp
0.25,0.00,0.25,0.50,Asp
0.25,0.00,0.25,0.50,Asp
0.25,0.00,0.25,0.50,Asp
0.25,0.00,0.25,0.50,Asp
0.25,0.00,0.25,0.50,Asp
0.25,0.00,0.25,0.50,Asp
0.25,0.00,0.25,0.50,Asp
0.25,0.00,0.25,0.50,Asp
0.25,0.00,0.25,0.50,Asp
0.25,0.00,0.25,0.50,Asp
0.25,0.00,0.25,0.50,Asp
0.25,0.00,0.25,0.50,Asp
0.25,0.00,0.25,0.50,Asp
0.25,0.00,0.25,0.50,Asp
0.25,0.00,0.25,0.50,Asp
0.25,0.00,0.25,0.50,Asp
0.25,0.00,0.25,0.50,Asp
0.25,0.00,0.25,0.50,Asp
0.25,0.00,0.25,0.50,Asp
0.25,0.00,0.25,0.50,Asp
0.25,0.00,0.25,0.50,Asp
0.25,0.00,0.25,0.50,Asp
0.25,0.00,0.25,0.50,Asp
0.25,0.00,0.25,0.50,Asp
0.25,0.00,0.25,0.50,Asp
0.25,0.00,0.25,0.50,Asp
0.25,0.00,0.25,0.50,Asp
0.25,0.00,0.25,0.50,Asp
0.25,0.00,0.25,0.50,Asp
0.25,0.00,0.25,0.50,Asp
0.25,0.00,0.25,0.50,Asp
0.25,0.00,0.25,0.50,Asp
0.25,0.00,0.25,0.50,Asp
0.25,0.00,0.25,0.50,Asp
0.25,0.00,0.25,0.50,Asp
0.25,0.00,0.25,0.50,Asp
0.25,0.00,0.25,0.50,Asp
0.25,0.00,0.25,0.50,Asp
0.25,0.00,0.25,0.50,Asp
0.25,0.00,0.25,0.50,Asp
0.25,0.00,0.25,0.50,Asp
0.25,0.00,0.25,0.50,Asp
0.25,0.00,0.25,0.50,Asp
0.25,0.00,0.25,0.50,Asp
0.25,0.00,0.25,0.50,Asp
0.25,0.00,0.25,0.50,Asp
0.25,0.00,0.25,0.50,Asp
0.25,0.00,0.25,0.50,Asp
0.25,0.00,0.25,0.50,Asp
0.25,0.00,0.25,0.50,Asp
0.25,0.00,0.25,0.50,Asp
0.25,0.00,0.25,0.50,Asp
0.25,0.00,0.25,0.50,Asp
0.25,0.00,0.25,0.50,Asp
0.25,0.00,0.25,0.50,Asp
0.25,0.00,0.25,0.50,Asp
0.25,0.00,0.25,0.50,Asp
0.25,0.00,0.25,0.50,Asp
0.25,0.00,0.25,0.50,Asp
0.00,0.00,0.50,0.50,Glu
0.25,0.00,0.00,0.75,Gly
0.00,0.50,0.25,0.25,Gin
0.25,0.00,0.50,0.25,Met
0.50,0.00,0.25,0.25,Stop
0.00,0.00,0.50,0.50,Glu
0.50,0.25,0.00,0.25,Cys
0.00,0.25,0.75,0.00,Thr
0.00,0.25,0.00,0.75,Gly
0.00,0.00,0.50,0.50,Arg
0.00,1.00,0.00,0.00,Pro
0.50,0.25,0.00,0.25,Ser
0.00,0.25,0.25,0.50,Ala
0.25,0.25,0.50,0.00,Thr
0.00,0.00,0.25,0.75,Gly
0.00,0.00,1.00,0.00,Lys
0.25,0.25,0.00,0.50,Ala
0.25,0.50,0.25,0.00,Leu
0.50,0.25,0.25,0.00,Tyr
0.00,0.00,0.75,0.25,Arg
0.75,0.25,0.00,0.00,Ser
0.00,0.00,0.50,0.50,Glu
0.00,0.00,0.75,0.25,Lys
0.00,0.00,0.25,0.75,Glu
0.00,0.00,0.25,0.75,Glu
0.00,0.00,0.25,0.75,Glu
0.00,0.00,1.00,0.00,Lys
0.00,0.00,1.00,0.00,Lys
0.00,0.00,0.25,0.75,Glu
0.00,0.00,0.25,0.75,Glu
0.00,0.00,0.00,1.00,Gly
0.50,0.50,0.00,0.00,Leu
0.00,0.75,0.25,0.00,Pro
0.50,0.00,0.00,0.50,Trp
0.25,0.50,0.00,0.25,Leu
0.00,0.25,0.25,0.50,Asp
0.00,0.00,0.50,0.50,Arg
0.00,0.25,0.25,0.50,Ala
0.75,0.25,0.00,0.00,Ser
0.75,0.25,0.00,0.00,Phe
1.00,0.00,0.00,0.00,Phe
0.75,0.25,0.00,0.00,Phe
1.00,0.00,0.00,0.00,Phe
0.75,0.25,0.00,0.00,Phe
1.00,0.00,0.00,0.00,Phe
1.00,0.00,0.00,0.00,Phe
1.00,0.00,0.00,0.00,Phe
1.00,0.00,0.00,0.00,Phe
1.00,0.00,0.00,0.00,Phe
1.00,0.00,0.00,0.00,Phe
1.00,0.00,0.00,0.00,Phe
0.75,0.00,0.00,0.25,Phe
0.00,0.00,0.50,0.50,Arg
0.50,0.00,0.00,0.50,Trp
0.25,0.00,0.50,0.25,Ser
0.50,0.50,0.00,0.00,Leu
0.25,0.25,0.00,0.50,Ala
0.25,0.50,0.00,0.25,Leu
0.75,0.00,0.00,0.25,Phe
0.00,0.75,0.25,0.00,Pro
0.00,0.00,0.50,0.50,Arg
0.75,0.00,0.00,0.25,Phe
0.00,0.00,0.25,0.75,Glu
0.50,0.25,0.00,0.25,Cys
0.00,0.25,0.50,0.25,Ser
0.00,0.25,0.50,0.25,Ser
0.00,0.25,0.50,0.25,Thr
0.25,0.25,0.50,0.00,lle
0.50,0.50,0.00,0.00,Ser
0.25,0.25,0.00,0.50,Ala
0.00,0.75,0.25,0.00,His
0.50,0.25,0.00,0.25,Cys
0.00,0.00,0.75,0.25,Lys
0.25,0.75,0.00,0.00,Leu
0.50,0.25,0.00,0.25,Cys
0.25,0.75,0.00,0.00,Leu
0.00,0.75,0.00,0.25,Pro
0.25,0.00,0.25,0.50,Asp
0.50,0.25,0.25,0.00,Ser
0.00,0.75,0.00,0.25,Arg
0.25,0.50,0.25,0.00,His
0.75,0.25,0.00,0.00,Ser
0.25,0.75,0.00,0.00,Pro
0.00,0.50,0.00,0.50,Ala
0.50,0.25,0.25,0.00,Ser
0.00,0.50,0.00,0.50,Ala
0.50,0.50,0.00,0.00,Ser
0.00,0.50,0.25,0.25,Arg
0.25,0.00,0.25,0.50,Val
0.25,0.25,0.00,0.50,Ala
0.00,0.00,0.00,1.00,Gly
0.25,0.00,0.75,0.00,Asn
0.00,0.25,0.75,0.00,Thr
0.00,0.50,0.00,0.50,Arg
0.50,0.50,0.00,0.00,Ser
0.00,0.50,0.00,0.50,Ala
0.25,0.25,0.50,0.00,Thr
0.00,0.25,0.50,0.25,Thr
0.00,1.00,0.00,0.00,Pro
0.00,0.25,0.50,0.25,Ser
0.50,0.00,0.50,0.00,Stop
0.50,0.50,0.00,0.00,Leu
1.00,0.00,0.00,0.00,Phe
0.50,0.25,0.00,0.25,Cys
0.50,0.00,0.50,0.00,lle
1.00,0.00,0.00,0.00,Phe
0.25,0.00,0.50,0.25,Ser
0.00,0.25,0.75,0.00,Thr
0.00,0.00,0.25,0.75,Glu
0.50,0.00,0.00,0.50,Trp
0.50,0.00,0.50,0.00,lle
0.50,0.25,0.25,0.00,Ser
0.25,0.75,0.00,0.00,Pro
0.25,0.00,0.00,0.75,Gly
0.50,0.00,0.25,0.25,Stop
0.00,0.75,0.25,0.00,Pro
0.00,0.00,0.75,0.25,Arg
0.50,0.00,0.00,0.50,Trp
0.75,0.25,0.00,0.00,Ser
0.50,0.00,0.25,0.25,Stop
0.75,0.25,0.00,0.00,Ser
0.25,0.25,0.50,0.00,Thr
0.00,0.25,0.25,0.50,Asp
0.25,0.75,0.00,0.00,Leu
0.25,0.00,0.00,0.75,Val
0.25,0.25,0.50,0.00,lle
0.00,0.75,0.00,0.25,Arg
0.00,0.75,0.00,0.25,Pro
0.25,0.75,0.00,0.00,Pro
0.00,0.50,0.00,0.50,Arg
0.25,0.75,0.00,0.00,Pro
0.00,1.00,0.00,0.00,Pro
0.00,0.00,1.00,0.00,Lys
0.25,0.00,0.00,0.75,Val
0.25,0.50,0.00,0.25,Leu
0.00,0.00,0.25,0.75,Gly
0.75,0.00,0.25,0.00,Leu
0.00,0.50,0.25,0.25,Gin
0.00,0.25,0.25,0.50,Ala
0.50,0.00,0.25,0.25,Stop
0.00,0.50,0.00,0.50,Ala
0.00,0.50,0.50,0.00,Thr
0.00,0.25,0.00,0.75,Ala
0.00,1.00,0.00,0.00,Pro
0.00,0.25,0.50,0.25,Ser
0.25,0.50,0.00,0.25,Leu
0.25,0.00,0.75,0.00,lle
0.00,0.00,0.25,0.75,Glu
0.25,0.50,0.25,0.00,His
0.50,0.50,0.00,0.00,Leu
0.50,0.25,0.00,0.25,Ser
0.00,0.25,0.00,0.75,Ala
0.50,0.00,0.25,0.25,Stop
0.75,0.00,0.00,0.25,Cys
0.50,0.00,0.00,0.50,Val
0.25,0.50,0.00,0.25,Leu
0.25,0.00,0.50,0.25,Ser
0.50,0.50,0.00,0.00,Ser
0.00,0.00,1.00,0.00,Lys
0.25,0.25,0.00,0.50,Ala
0.00,0.00,0.25,0.75,Glu
0.00,0.00,0.50,0.50,Glu
0.00,0.00,0.25,0.75,Glu
0.25,0.25,0.50,0.00,Thr
0.00,0.50,0.50,0.00,Gin
0.25,0.25,0.50,0.00,lle
0.75,0.25,0.00,0.00,Phe
0.00,0.00,0.75,0.25,Lys
0.00,0.25,0.50,0.25,Ser
0.75,0.25,0.00,0.00,Ser
0.75,0.25,0.00,0.00,Ser
0.00,0.25,0.75,0.00,Asn
1.00,0.00,0.00,0.00,Phe
0.00,0.00,0.25,0.75,Glu
0.50,0.00,0.50,0.00,lle
0.25,0.75,0.00,0.00,Leu
0.50,0.00,0.25,0.25,Stop
0.50,0.00,0.00,0.50,Trp
1.00,0.00,0.00,0.00,Phe
0.00,0.50,0.25,0.25,Gin
0.00,0.25,0.00,0.75,Gly
0.75,0.00,0.25,0.00,Tyr
0.00,0.00,0.00,1.00,Gly
0.00,0.00,0.50,0.50,Arg
0.00,0.00,0.75,0.25,Lys
0.00,0.25,0.50,0.25,Ser
0.75,0.00,0.00,0.25,Phe
0.50,0.00,0.00,0.50,Trp
0.50,0.50,0.00,0.00,Ser
0.25,0.00,0.00,0.75,Val
0.75,0.25,0.00,0.00,Ser
0.25,0.25,0.00,0.50,Ala
0.00,1.00,0.00,0.00,Pro
0.00,0.00,0.00,1.00,Gly
0.50,0.00,0.50,0.00,lle
0.75,0.25,0.00,0.00,Ser
0.50,0.00,0.00,0.50,Val
0.75,0.25,0.00,0.00,Ser
0.50,0.00,0.00,0.50,Trp
1.00,0.00,0.00,0.00,Phe
0.25,0.00,0.00,0.75,Val
0.75,0.25,0.00,0.00,Ser
0.25,0.50,0.00,0.25,Leu
0.25,0.50,0.00,0.25,Leu
0.00,0.50,0.50,0.00,Gin
0.25,0.25,0.00,0.50,Val
0.00,0.50,0.50,0.00,Gin
0.00,0.00,0.25,0.75,Gly
0.25,0.25,0.00,0.50,Ala
0.00,0.00,0.00,1.00,Gly
0.00,0.25,0.25,0.50,Ala
0.25,0.00,0.75,0.00,lle
0.25,0.75,0.00,0.00,Pro
0.50,0.00,0.25,0.25,Stop
0.25,0.25,0.00,0.50,Val
0.50,0.00,0.00,0.50,Trp
0.50,0.00,0.00,0.50,Val
0.50,0.50,0.00,0.00,Leu
0.25,0.50,0.00,0.25,Arg
0.00,1.00,0.00,0.00,Pro
0.00,0.50,0.25,0.25,Gin
0.00,0.00,0.25,0.75,Gly
0.25,0.75,0.00,0.00,Pro
0.00,0.00,0.00,1.00,Gly
0.00,0.00,0.25,0.75,Gly
0.00,0.50,0.00,0.50,Ala
0.00,0.75,0.25,0.00,Pro
0.00,0.25,0.25,0.50,Ala
0.25,0.00,0.50,0.25,Met
0.25,0.75,0.00,0.00,Leu
0.00,0.00,0.50,0.50,Arg
0.00,0.00,0.50,0.50,Glu
0.00,0.00,0.50,0.50,Arg
0.00,0.00,0.25,0.75,Gly
0.00,0.00,0.25,0.75,Glu
0.00,0.50,0.50,0.00,Gin
0.25,0.00,0.50,0.25,Ser
0.25,0.00,0.00,0.75,Val
0.00,0.00,0.00,1.00,Gly
0.75,0.00,0.00,0.25,Phe
0.50,0.00,0.00,0.50,Val
0.25,0.75,0.00,0.00,Leu
0.75,0.25,0.00,0.00,Ser
0.25,0.00,0.50,0.25,Ser
0.25,0.00,0.00,0.75,Gly
0.00,0.50,0.25,0.25,Gin
0.75,0.00,0.00,0.25,Cys
0.50,0.00,0.00,0.50,Trp
0.00,0.25,0.75,0.00,Asn
0.50,0.25,0.00,0.25,Cys
0.25,0.25,0.50,0.00,lle
0.00,0.50,0.25,0.25,Gin
0.25,0.50,0.00,0.25,Leu
0.25,0.25,0.50,0.00,Thr
0.00,0.50,0.25,0.25,Gin
0.25,0.25,0.00,0.50,Ala
0.00,0.25,0.25,0.50,Asp
0.00,0.75,0.25,0.00,Pro
0.00,0.00,0.25,0.75,Gly
0.25,0.25,0.00,0.50,Val
0.25,0.75,0.00,0.00,Leu
0.00,0.25,0.50,0.25,Ser
0.00,0.00,0.75,0.25,Arg
0.25,0.00,0.50,0.25,Ser
0.00,0.00,0.25,0.75,Gly
0.50,0.00,0.50,0.00,lle
0.00,0.50,0.25,0.25,Gin
0.00,0.25,0.25,0.50,Asp
0.50,0.00,0.25,0.25,Stop
0.25,0.25,0.50,0.00,lle
0.25,0.00,0.00,0.75,Val
0.25,0.75,0.00,0.00,Leu
0.00,0.25,0.75,0.00,Thr
0.00,0.50,0.50,0.00,Thr
0.00,1.00,0.00,0.00,Pro
0.00,0.25,0.75,0.00,Thr
0.25,0.25,0.50,0.00,lle
0.75,0.00,0.25,0.00,Tyr
0.50,0.00,0.00,0.50,Trp
0.25,0.50,0.00,0.25,Leu
0.50,0.25,0.00,0.25,Cys
0.75,0.00,0.00,0.25,Phe
0.00,0.50,0.00,0.50,Ala
0.25,0.75,0.00,0.00,Pro
1.00,0.00,0.00,0.00,Phe
0.00,1.00,0.00,0.00,Pro
0.00,0.25,0.75,0.00,Asn
0.00,0.25,0.75,0.00,Thr
0.00,0.75,0.25,0.00,His
0.50,0.00,0.50,0.00,lle
0.25,0.50,0.00,0.25,Leu
0.75,0.25,0.00,0.00,Ser
0.25,0.00,0.00,0.75,Gly
0.00,0.00,0.00,1.00,Gly
0.50,0.00,0.00,0.50,Trp
0.00,0.00,0.50,0.50,Arg
0.75,0.00,0.25,0.00,Leu
0.00,0.25,0.75,0.00,Asn
0.25,0.00,0.50,0.25,Met
0.00,0.50,0.00,0.50,Arg
0.00,0.00,0.25,0.75,Gly
0.00,0.00,0.25,0.75,Gly
0.00,0.00,0.25,0.75,Gly
0.00,0.00,0.75,0.25,Lys
0.00,0.00,0.25,0.75,Gly
0.50,0.00,0.25,0.25,Stop
0.25,0.00,0.25,0.50,Asp
0.00,0.00,0.75,0.25,Arg
0.00,0.00,0.50,0.50,Glu
0.50,0.00,0.00,0.50,Trp
0.25,0.00,0.25,0.50,Asp
0.25,0.00,0.00,0.75,Val
0.25,0.25,0.00,0.50,Val
0.25,0.00,0.00,0.75,Gly
0.00,0.00,0.50,0.50,Arg
0.00,0.00,0.00,1.00,Gly
0.75,0.25,0.00,0.00,Ser
0.00,0.50,0.50,0.00,Gin
0.00,0.00,0.25,0.75,Gly
0.25,0.50,0.00,0.25,Leu
0.25,0.25,0.00,0.50,Ala
0.25,0.25,0.50,0.00,lle
0.25,0.50,0.00,0.25,Leu
0.00,0.25,0.75,0.00,Thr
0.50,0.50,0.00,0.00,Ser
0.75,0.25,0.00,0.00,Phe
0.50,0.50,0.00,0.00,Ser
0.00,0.25,0.00,0.75,Ala
0.75,0.25,0.00,0.00,Phe
0.00,0.00,0.50,0.50,Arg
0.75,0.00,0.00,0.25,Phe
0.00,0.50,0.00,0.50,Ala
0.00,0.50,0.50,0.00,Thr
0.25,0.00,0.50,0.25,Met
0.00,0.50,0.00,0.50,Ala
0.50,0.25,0.00,0.25,Cys
0.00,0.25,0.00,0.75,Gly
0.00,0.50,0.25,0.25,Gin
0.00,0.00,0.50,0.50,Arg
0.00,0.25,0.25,0.50,Ala
0.00,1.00,0.00,0.00,Pro
0.00,0.25,0.50,0.25,Thr
0.50,0.00,0.25,0.25,Stop
0.00,1.00,0.00,0.00,Pro
0.75,0.00,0.25,0.00,Leu
0.00,0.00,0.75,0.25,Lys
0.00,0.00,0.75,0.25,Arg
0.00,0.00,0.25,0.75,Gly
0.00,0.50,0.50,0.00,Gin
0.50,0.00,0.00,0.50,Val
0.00,0.00,0.00,1.00,Gly
0.50,0.00,0.00,0.50,Trp
0.75,0.00,0.25,0.00,Tyr
0.25,0.75,0.00,0.00,Leu
0.50,0.00,0.00,0.50,Trp
0.25,0.50,0.00,0.25,Leu
0.00,0.25,0.75,0.00,Thr
0.25,0.75,0.00,0.00,Leu
0.75,0.00,0.00,0.25,Cys
0.00,0.25,0.25,0.50,Ala
0.00,0.50,0.50,0.00,Gin
0.00,1.00,0.00,0.00,Pro
0.50,0.25,0.25,0.00,Ser
0.00,0.50,0.50,0.00,Gin
0.00,0.75,0.25,0.00,His
0.50,0.00,0.00,0.50,Trp
0.50,0.00,0.25,0.25,Stop
0.00,0.50,0.00,0.50,Arg
0.50,0.00,0.00,0.50,Trp
0.00,0.00,0.50,0.50,Glu
0.00,0.00,0.00,1.00,Gly
0.00,0.00,1.00,0.00,Lys
0.25,0.00,0.25,0.50,Asp
0.00,0.25,0.25,0.50,Asp
0.00,0.00,0.75,0.25,Lys
0.00,0.75,0.25,0.00,Pro
0.00,0.00,0.00,1.00,Gly
0.00,0.25,0.00,0.75,Gly
0.25,0.00,0.50,0.25,Met
0.25,0.25,0.50,0.00,lle
0.00,0.75,0.25,0.00,Pro
0.00,0.25,0.25,0.50,Ala
0.75,0.00,0.00,0.25,Cys
0.25,0.00,0.00,0.75,Val
0.00,0.00,0.25,0.75,Gly
0.00,0.00,0.25,0.75,Gly
0.25,0.25,0.00,0.50,Ala
0.75,0.25,0.00,0.00,Ser
0.00,0.00,1.00,0.00,Lys
0.75,0.00,0.25,0.00,Leu
0.50,0.50,0.00,0.00,Ser
0.50,0.00,0.50,0.00,lle
0.00,0.25,0.50,0.25,Ser
0.00,0.25,0.75,0.00,Thr
0.00,0.25,0.50,0.25,Ser
0.00,0.75,0.00,0.25,Pro
0.50,0.25,0.25,0.00,Ser
0.25,0.00,0.00,0.75,Val
0.00,0.50,0.00,0.50,Ala
0.00,0.75,0.25,0.00,Pro
0.50,0.25,0.00,0.25,Cys
0.25,0.00,0.75,0.00,lle
0.25,0.00,0.75,0.00,Asn
0.25,0.00,0.25,0.50,Val
0.00,0.75,0.25,0.00,His
0.00,0.00,0.75,0.25,Arg
0.00,0.25,0.75,0.00,Asn
0.00,0.00,0.50,0.50,Arg
0.50,0.00,0.00,0.50,Trp
0.00,0.00,0.00,1.00,Gly
0.00,0.50,0.50,0.00,Gin
0.50,0.00,0.25,0.25,Stop
0.50,0.00,0.25,0.25,Stop
0.50,0.00,0.25,0.25,Stop
0.50,0.00,0.25,0.25,Stop
0.50,0.00,0.25,0.25,Stop
0.50,0.00,0.25,0.25,Stop
0.50,0.00,0.25,0.25,Stop
0.50,0.00,0.25,0.25,Stop
0.50,0.00,0.25,0.25,Stop
0.50,0.00,0.25,0.25,Stop
0.50,0.00,0.25,0.25,Stop
0.50,0.00,0.25,0.25,Stop
0.50,0.00,0.25,0.25,Stop
0.50,0.00,0.25,0.25,Stop
0.50,0.00,0.25,0.25,Stop
0.50,0.00,0.25,0.25,Stop
0.50,0.00,0.25,0.25,Stop
0.50,0.00,0.25,0.25,Stop
0.50,0.00,0.25,0.25,Stop
0.50,0.00,0.25,0.25,Stop
0.50,0.00,0.25,0.25,Stop
0.50,0.00,0.25,0.25,Stop
0.50,0.00,0.25,0.25,Stop
0.50,0.00,0.25,0.25,Stop
0.50,0.00,0.25,0.25,Stop
0.50,0.00,0.25,0.25,Stop
0.50,0.00,0.25,0.25,Stop
0.50,0.00,0.25,0.25,Stop
0.50,0.00,0.25,0.25,Stop
0.50,0.00,0.25,0.25,Stop
0.50,0.00,0.25,0.25,Stop
0.50,0.00,0.25,0.25,Stop
0.50,0.00,0.25,0.25,Stop
0.50,0.00,0.25,0.25,Stop
0.50,0.00,0.25,0.25,Stop
0.50,0.00,0.25,0.25,Stop
0.50,0.00,0.25,0.25,Stop
0.50,0.00,0.25,0.25,Stop
0.50,0.00,0.25,0.25,Stop
0.50,0.00,0.25,0.25,Stop
0.50,0.00,0.25,0.25,Stop
0.50,0.00,0.25,0.25,Stop
0.50,0.00,0.25,0.25,Stop
0.50,0.00,0.25,0.25,Stop
0.50,0.00,0.25,0.25,Stop
0.50,0.00,0.25,0.25,Stop
0.50,0.00,0.25,0.25,Stop
0.50,0.00,0.25,0.25,Stop
0.50,0.00,0.25,0.25,Stop
0.50,0.00,0.25,0.25,Stop
0.00,0.50,0.25,0.25,Gin
0.50,0.00,0.00,0.50,Trp
0.00,0.00,0.25,0.75,Glu
0.00,0.00,0.75,0.25,Arg
0.00,0.00,0.50,0.50,Arg
0.00,0.25,0.00,0.75,Gly
0.00,0.50,0.25,0.25,Gin
0.25,0.00,0.25,0.50,Val
0.50,0.00,0.50,0.00,Stop
0.00,0.00,1.00,0.00,Lys
0.00,0.00,0.00,1.00,Gly
0.00,1.00,0.00,0.00,Pro
0.00,0.25,0.75,0.00,Thr
0.00,0.00,0.75,0.25,Arg
0.00,0.25,0.25,0.50,Asp
0.25,0.50,0.25,0.00,His
0.25,0.00,0.25,0.50,Asp
0.25,0.00,0.25,0.50,Asp
0.25,0.00,0.25,0.50,Asp
0.25,0.00,0.25,0.50,Asp
0.25,0.00,0.25,0.50,Asp
0.25,0.00,0.25,0.50,Asp
0.25,0.00,0.25,0.50,Asp
0.25,0.00,0.25,0.50,Asp
0.25,0.00,0.25,0.50,Asp
0.25,0.00,0.25,0.50,Asp
0.25,0.00,0.25,0.50,Asp
0.25,0.00,0.25,0.50,Asp
0.25,0.00,0.25,0.50,Asp
0.25,0.00,0.25,0.50,Asp
0.25,0.00,0.25,0.50,Asp
0.25,0.00,0.25,0.50,Asp
0.25,0.00,0.25,0.50,Asp
0.25,0.00,0.25,0.50,Asp
0.25,0.00,0.25,0.50,Asp
0.25,0.00,0.25,0.50,Asp
0.25,0.00,0.25,0.50,Asp
0.25,0.00,0.25,0.50,Asp
0.25,0.00,0.25,0.50,Asp
0.25,0.00,0.25,0.50,Asp
0.25,0.00,0.25,0.50,Asp
0.25,0.00,0.25,0.50,Asp
0.25,0.00,0.25,0.50,Asp
0.25,0.00,0.25,0.50,Asp
0.25,0.00,0.25,0.50,Asp
0.25,0.00,0.25,0.50,Asp
0.25,0.00,0.25,0.50,Asp
0.25,0.00,0.25,0.50,Asp
0.25,0.00,0.25,0.50,Asp
0.25,0.00,0.25,0.50,Asp
0.25,0.00,0.25,0.50,Asp
0.25,0.00,0.25,0.50,Asp
0.25,0.00,0.25,0.50,Asp
0.25,0.00,0.25,0.50,Asp
0.25,0.00,0.25,0.50,Asp
0.25,0.00,0.25,0.50,Asp
0.25,0.00,0.25,0.50,Asp
0.25,0.00,0.25,0.50,Asp
0.25,0.00,0.25,0.50,Asp
0.25,0.00,0.25,0.50,Asp
0.25,0.00,0.25,0.50,Asp
0.25,0.00,0.25,0.50,Asp
0.25,0.00,0.25,0.50,Asp
0.25,0.00,0.25,0.50,Asp
0.25,0.00,0.25,0.50,Asp
0.25,0.00,0.25,0.50,Asp
0.25,0.00,0.25,0.50,Asp
0.25,0.00,0.25,0.50,Asp
0.25,0.00,0.25,0.50,Asp
0.25,0.00,0.25,0.50,Asp
0.25,0.00,0.25,0.50,Asp
0.25,0.00,0.25,0.50,Asp
0.25,0.00,0.25,0.50,Asp
0.25,0.00,0.25,0.50,Asp
0.25,0.00,0.25,0.50,Asp
0.25,0.00,0.25,0.50,Asp
0.25,0.00,0.25,0.50,Asp
0.25,0.00,0.25,0.50,Asp
0.25,0.00,0.25,0.50,Asp
0.25,0.00,0.25,0.50,Asp
0.25,0.00,0.25,0.50,Asp
0.25,0.00,0.25,0.50,Asp
0.25,0.00,0.25,0.50,Asp
0.25,0.00,0.25,0.50,Asp
0.25,0.00,0.25,0.50,Asp
0.25,0.00,0.25,0.50,Asp
0.25,0.00,0.25,0.50,Asp
0.25,0.00,0.25,0.50,Asp
0.25,0.00,0.25,0.50,Asp
0.25,0.00,0.25,0.50,Asp
0.25,0.00,0.25,0.50,Asp
0.25,0.00,0.25,0.50,Asp
0.25,0.00,0.25,0.50,Asp
0.25,0.00,0.25,0.50,Asp
0.25,0.00,0.25,0.50,Asp
0.25,0.00,0.25,0.50,Asp
0.25,0.00,0.25,0.50,Asp
0.25,0.00,0.25,0.50,Asp
0.25,0.00,0.25,0.50,Asp
0.25,0.00,0.25,0.50,Asp
0.25,0.00,0.25,0.50,Asp
0.25,0.00,0.25,0.50,Asp
0.25,0.00,0.25,0.50,Asp
0.25,0.00,0.25,0.50,Asp
0.25,0.00,0.25,0.50,Asp
0.25,0.00,0.25,0.50,Asp
0.25,0.00,0.25,0.50,Asp
0.25,0.00,0.25,0.50,Asp
0.25,0.00,0.25,0.50,Asp
0.25,0.00,0.25,0.50,Asp
0.25,0.00,0.25,0.50,Asp
0.25,0.00,0.25,0.50,Asp
0.25,0.00,0.25,0.50,Asp
0.25,0.00,0.25,0.50,Asp
0.25,0.00,0.25,0.50,Asp
0.25,0.00,0.25,0.50,Asp
0.25,0.00,0.25,0.50,Asp
0.25,0.00,0.25,0.50,Asp
0.25,0.00,0.25,0.50,Asp
0.25,0.00,0.25,0.50,Asp
0.25,0.00,0.25,0.50,Asp
0.25,0.00,0.25,0.50,Asp
0.25,0.00,0.25,0.50,Asp
0.25,0.00,0.25,0.50,Asp
0.25,0.00,0.25,0.50,Asp
0.25,0.00,0.25,0.50,Asp
0.25,0.00,0.25,0.50,Asp
0.25,0.00,0.25,0.50,Asp
0.25,0.00,0.25,0.50,Asp
0.25,0.00,0.25,0.50,Asp
0.25,0.00,0.25,0.50,Asp
0.25,0.00,0.25,0.50,Asp
0.25,0.00,0.25,0.50,Asp
0.25,0.00,0.25,0.50,Asp
0.25,0.00,0.25,0.50,Asp
0.00,0.00,0.50,0.50,Glu
0.50,0.50,0.00,0.00,Ser
0.00,0.00,0.50,0.50,Arg
0.50,0.50,0.00,0.00,Leu
1.00,0.00,0.00,0.00,Phe
0.00,0.00,1.00,0.00,Lys
0.00,0.00,0.25,0.75,Glu
0.25,0.25,0.00,0.50,Ala
0.25,0.00,0.50,0.25,Met
0.25,0.75,0.00,0.00,Leu
0.00,0.50,0.50,0.00,Gin
0.00,0.50,0.00,0.50,Ala
0.25,0.50,0.25,0.00,His
0.00,0.75,0.00,0.25,Arg
0.00,0.25,0.25,0.50,Ala
0.00,0.75,0.25,0.00,His
0.00,0.50,0.25,0.25,Gin
0.25,0.50,0.00,0.25,Leu
0.00,0.50,0.00,0.50,Ala
0.50,0.00,0.50,0.00,lle
0.00,0.25,0.25,0.50,Asp
0.00,0.50,0.50,0.00,Thr
0.50,0.25,0.25,0.00,Tyr
0.00,0.50,0.25,0.25,Gin
0.00,0.00,0.25,0.75,Glu
1.00,0.00,0.00,0.00,Phe
0.25,0.00,0.75,0.00,lle
0.00,0.25,0.50,0.25,Ser
0.75,0.25,0.00,0.00,Ser
0.50,0.00,0.00,0.50,Trp
0.00,0.00,0.25,0.75,Gly
0.25,0.00,0.50,0.25,Met
0.25,0.00,0.00,0.75,Gly
0.00,0.25,0.00,0.75,Ala
0.25,0.00,0.00,0.75,Gly
0.00,0.50,0.25,0.25,Gin
0.00,0.00,0.00,1.00,Gly
0.50,0.00,0.00,0.50,Trp
0.00,0.50,0.50,0.00,Gin
0.00,0.00,0.50,0.50,Glu
0.00,0.00,0.00,1.00,Gly
0.25,0.00,0.00,0.75,Val
0.25,0.25,0.50,0.00,Thr
0.75,0.25,0.00,0.00,Phe
0.00,1.00,0.00,0.00,Pro
0.00,0.75,0.25,0.00,His
0.50,0.00,0.00,0.50,Trp
0.00,0.00,0.25,0.75,Gly
0.25,0.00,0.50,0.25,Ser
0.25,0.00,0.75,0.00,Asn
0.00,0.00,0.00,1.00,Gly
0.00,0.00,0.50,0.50,Arg
0.00,0.00,0.75,0.25,Arg
0.25,0.50,0.25,0.00,Leu
0.00,0.00,0.50,0.50,Arg
0.00,0.25,0.50,0.25,Ser
0.50,0.25,0.25,0.00,Ser
0.00,0.00,0.00,1.00,Gly
0.75,0.00,0.00,0.25,Phe
1.00,0.00,0.00,0.00,Phe
0.75,0.25,0.00,0.00,Ser
0.00,0.00,0.50,0.50,Glu
0.00,0.25,0.00,0.75,Ala
0.00,0.00,1.00,0.00,Lys
0.25,0.00,0.50,0.25,Met
0.00,0.50,0.25,0.25,Gin
0.00,0.25,0.25,0.50,Ala
0.25,0.00,0.25,0.50,Asp
0.00,0.00,0.25,0.75,Glu
0.25,0.50,0.25,0.00,His
0.00,0.00,0.50,0.50,Arg
0.25,0.50,0.00,0.25,Leu
0.00,0.25,0.50,0.25,Ser
0.00,0.50,0.25,0.25,Gin
0.50,0.00,0.00,0.50,Val
0.00,1.00,0.00,0.00,Pro
0.00,0.00,0.75,0.25,Arg
0.00,0.00,0.75,0.25,Arg
0.25,0.00,0.25,0.50,Val
0.00,0.25,0.75,0.00,Thr
0.25,0.00,0.00,0.75,Val
0.00,0.00,0.25,0.75,Gly
0.25,0.25,0.00,0.50,Ala
0.25,0.00,0.00,0.75,Gly
0.25,0.75,0.00,0.00,Leu
0.00,0.50,0.25,0.25,Gin
0.25,0.50,0.25,0.00,His
0.00,0.00,0.75,0.25,Arg
0.00,0.00,0.75,0.25,Lys
0.00,0.50,0.25,0.25,Gin
0.50,0.00,0.00,0.50,Trp
0.50,0.50,0.00,0.00,Ser
0.75,0.25,0.00,0.00,Phe
0.75,0.00,0.00,0.25,Phe
0.25,0.00,0.00,0.75,Val
0.00,0.00,0.00,1.00,Gly
0.25,0.00,0.00,0.75,Gly
0.25,0.75,0.00,0.00,Pro
0.50,0.50,0.00,0.00,Ser
0.25,0.75,0.00,0.00,Pro
0.00,0.00,0.50,0.50,Arg
0.00,0.00,0.75,0.25,Lys
0.00,0.00,0.75,0.25,Lys
0.25,0.75,0.00,0.00,Pro
0.25,0.00,0.75,0.00,lle
0.50,0.25,0.25,0.00,Ser
0.00,0.50,0.50,0.00,Gin
0.00,0.00,0.50,0.50,Arg
0.00,0.25,0.75,0.00,Asn
0.00,0.00,0.75,0.25,Arg
0.25,0.00,0.50,0.25,Ser
0.50,0.00,0.50,0.00,lle
0.25,0.50,0.25,0.00,His
0.50,0.50,0.00,0.00,Ser
0.50,0.25,0.00,0.25,Cys
0.25,0.00,0.50,0.25,Met
0.25,0.25,0.50,0.00,Thr
0.00,1.00,0.00,0.00,Pro
0.00,0.00,0.75,0.25,Arg
0.25,0.75,0.00,0.00,Pro
0.25,0.75,0.00,0.00,Pro
0.75,0.25,0.00,0.00,Ser
0.25,0.25,0.00,0.50,Ala
0.75,0.25,0.00,0.00,Ser
0.00,0.50,0.25,0.25,Gin
0.25,0.25,0.50,0.00,Thr
0.25,0.50,0.25,0.00,Leu
0.75,0.25,0.00,0.00,Phe
0.00,0.50,0.25,0.25,Arg
0.25,0.50,0.25,0.00,His
0.25,0.75,0.00,0.00,Pro
0.00,0.75,0.25,0.00,Pro
0.00,0.25,0.75,0.00,Thr
0.50,0.00,0.00,0.50,Trp
0.00,0.00,0.50,0.50,Arg
0.00,0.00,1.00,0.00,Lys
0.00,0.75,0.00,0.25,Arg
0.00,0.25,0.50,0.25,Ser
0.00,0.00,0.75,0.25,Arg
0.25,0.00,0.75,0.00,Asn
0.00,0.75,0.00,0.25,Pro
0.50,0.00,0.25,0.25,Stop
0.25,0.00,0.00,0.75,Val
0.25,0.00,0.25,0.50,Asp
0.25,0.25,0.00,0.50,Ala
0.25,0.25,0.00,0.50,Val
0.50,0.50,0.00,0.00,Ser
0.50,0.00,0.25,0.25,Stop
0.00,0.25,0.00,0.75,Ala
0.00,0.00,0.00,1.00,Gly
0.25,0.00,0.50,0.25,Met
0.00,0.00,0.00,1.00,Gly
0.00,0.00,0.25,0.75,Glu
0.00,0.50,0.50,0.00,Thr
0.75,0.00,0.00,0.25,Cys
0.25,0.00,0.00,0.75,Gly
0.00,0.50,0.25,0.25,Gin
0.00,0.25,0.50,0.25,Ser
0.00,1.00,0.00,0.00,Pro
0.00,0.50,0.00,0.50,Arg
0.00,0.25,0.25,0.50,Ala
0.00,0.25,0.25,0.50,Ala
0.00,0.50,0.25,0.25,Gin
0.00,0.75,0.25,0.00,Pro
0.25,0.50,0.00,0.25,Leu
0.00,0.75,0.00,0.25,Pro
0.25,0.25,0.00,0.50,Val
0.50,0.50,0.00,0.00,Leu
0.00,1.00,0.00,0.00,Pro
0.25,0.50,0.00,0.25,Leu
0.00,0.50,0.25,0.25,Gin
0.00,0.25,0.75,0.00,Asn
0.75,0.00,0.25,0.00,Leu
0.00,0.00,0.25,0.75,Glu
0.25,0.50,0.00,0.25,Leu
0.25,0.75,0.00,0.00,Leu
0.00,0.75,0.25,0.00,His
0.25,0.25,0.50,0.00,lle
0.50,0.50,0.00,0.00,Ser
0.25,0.50,0.00,0.25,Leu
0.25,0.50,0.00,0.25,Leu
0.25,0.75,0.00,0.00,Leu
0.25,0.25,0.50,0.00,lle
0.00,0.00,0.25,0.75,Glu
0.50,0.25,0.00,0.25,Ser
0.00,0.50,0.00,0.50,Arg
0.25,0.50,0.00,0.25,Leu
0.00,0.00,0.25,0.75,Glu
0.00,1.00,0.00,0.00,Pro
0.25,0.00,0.00,0.75,Val
0.00,0.50,0.00,0.50,Arg
0.75,0.25,0.00,0.00,Phe
0.25,0.75,0.00,0.00,Leu
0.00,0.00,0.50,0.50,Arg
0.25,0.00,0.50,0.25,Ser
0.00,0.50,0.50,0.00,Thr
0.75,0.25,0.00,0.00,Phe
0.00,0.50,0.50,0.00,Thr
0.00,0.25,0.75,0.00,Asn
0.00,0.25,0.75,0.00,Asn
0.25,0.50,0.00,0.25,Leu
0.25,0.00,0.00,0.75,Val
0.75,0.00,0.25,0.00,Tyr
0.00,0.25,0.25,0.50,Asp
0.00,0.50,0.50,0.00,Thr
0.50,0.25,0.00,0.25,Ser
0.00,0.25,0.25,0.50,Asp
0.00,0.25,0.50,0.25,Ser
0.25,0.00,0.25,0.50,Asp
0.00,0.25,0.25,0.50,Asp
0.75,0.00,0.25,0.00,Tyr
0.00,0.75,0.25,0.00,His
0.25,0.75,0.00,0.00,Leu
0.25,0.50,0.25,0.00,Leu
0.00,0.00,0.75,0.25,Lys
0.00,0.25,0.25,0.50,Asp
0.25,0.50,0.25,0.00,Leu
0.00,0.00,0.25,0.75,Glu
0.00,0.00,0.50,0.50,Glu
0.00,0.25,0.00,0.75,Gly
0.25,0.25,0.50,0.00,lle
0.00,0.50,0.50,0.00,Gin
0.25,0.00,0.50,0.25,Met
0.25,0.50,0.00,0.25,Leu
0.25,0.00,0.50,0.25,Met
0.00,0.00,0.00,1.00,Gly
0.25,0.00,0.00,0.75,Val
0.00,0.00,0.50,0.50,Arg
0.25,0.00,0.00,0.75,Val
0.00,0.25,0.25,0.50,Ala
0.00,0.75,0.25,0.00,Pro
0.00,0.00,0.00,1.00,Gly
0.25,0.25,0.00,0.50,Val
0.00,1.00,0.00,0.00,Pro
0.25,0.00,0.75,0.00,Asn
0.25,0.75,0.00,0.00,Pro
0.00,0.00,0.25,0.75,Gly
0.00,0.25,0.50,0.25,Ser
0.00,0.75,0.25,0.00,Pro
0.25,0.50,0.00,0.25,Leu
0.25,0.25,0.00,0.50,Ala
0.50,0.25,0.00,0.25,Ser
0.00,0.00,0.50,0.50,Arg
0.25,0.25,0.00,0.50,Ala
0.00,0.00,0.00,1.00,Gly
0.00,0.00,0.25,0.75,Gly
0.00,0.00,0.25,0.75,Glu
0.00,0.00,1.00,0.00,Lys
0.00,0.75,0.25,0.00,His
0.50,0.25,0.00,0.25,Cys
0.50,0.25,0.00,0.25,Cys
0.25,0.75,0.00,0.00,Pro
0.50,0.50,0.00,0.00,Leu
0.75,0.25,0.00,0.00,Phe
0.00,0.25,0.50,0.25,Ser
0.25,0.00,0.50,0.25,Ser
0.00,0.50,0.25,0.25,Gin
0.00,0.25,0.00,0.75,Ala
0.25,0.50,0.00,0.25,Leu
0.00,0.50,0.50,0.00,Thr
0.00,0.50,0.50,0.00,Gin
0.00,0.00,0.25,0.75,Glu
0.00,0.25,0.75,0.00,Asn
0.50,0.25,0.25,0.00,Ser
0.00,0.75,0.25,0.00,Pro
0.75,0.00,0.25,0.00,Tyr
0.75,0.25,0.00,0.00,Ser
0.50,0.25,0.25,0.00,Ser
1.00,0.00,0.00,0.00,Phe
0.00,1.00,0.00,0.00,Pro
0.25,0.75,0.00,0.00,Leu
0.25,0.00,0.00,0.75,Val
0.25,0.00,0.75,0.00,Asn
0.25,0.75,0.00,0.00,Pro
0.00,0.75,0.25,0.00,Pro
0.00,0.25,0.00,0.75,Gly
0.50,0.50,0.00,0.00,Leu
0.75,0.25,0.00,0.00,Ser
0.25,0.50,0.25,0.00,Leu
0.00,0.75,0.25,0.00,His
0.25,0.50,0.00,0.25,Leu
0.00,0.00,0.75,0.25,Lys
0.00,0.00,0.00,1.00,Gly
0.00,0.00,0.75,0.25,Lys
0.00,0.00,0.25,0.75,Glu
0.00,0.00,0.50,0.50,Glu
0.25,0.00,0.75,0.00,Asn
0.00,0.00,0.25,0.75,Gly
0.50,0.00,0.50,0.00,Stop
0.25,0.00,0.50,0.25,Met
0.00,0.00,0.75,0.25,Arg
0.00,0.00,0.25,0.75,Glu
0.00,0.00,0.25,0.75,Gly
0.00,0.00,0.00,1.00,Gly
0.00,0.25,0.75,0.00,Asn
0.25,0.00,0.50,0.25,Ser
0.00,0.50,0.00,0.50,Ala
0.00,0.50,0.50,0.00,Gin
0.00,0.25,0.00,0.75,Ala
0.50,0.50,0.00,0.00,Leu
0.25,0.00,0.00,0.75,Gly
0.25,0.75,0.00,0.00,Leu
0.50,0.50,0.00,0.00,Ser
0.75,0.25,0.00,0.00,Phe
0.75,0.25,0.00,0.00,Ser
0.50,0.25,0.00,0.25,Cys
0.75,0.25,0.00,0.00,Phe
0.25,0.25,0.50,0.00,Thr
0.75,0.00,0.00,0.25,Phe
0.00,0.50,0.25,0.25,Gin
0.00,0.00,0.50,0.50,Arg
0.25,0.50,0.00,0.25,Leu
0.00,0.00,0.50,0.50,Glu
0.00,0.25,0.25,0.50,Asp
0.00,0.25,0.00,0.75,Gly
0.00,0.25,0.50,0.25,Ser
0.00,0.75,0.25,0.00,His
0.25,0.50,0.00,0.25,Leu
0.25,0.25,0.50,0.00,Thr
0.00,0.00,0.00,1.00,Gly
0.00,0.50,0.25,0.25,Gin
0.00,0.50,0.50,0.00,Thr
0.25,0.75,0.00,0.00,Leu
0.00,0.00,0.75,0.25,Lys
0.00,0.50,0.25,0.25,Gin
0.00,0.50,0.50,0.00,Thr
0.50,0.25,0.25,0.00,Tyr
0.00,0.25,0.50,0.25,Ser
0.00,0.00,0.75,0.25,Lys
1.00,0.00,0.00,0.00,Phe
0.00,0.25,0.25,0.50,Asp
0.00,0.25,0.75,0.00,Thr
0.00,0.25,0.75,0.00,Asn
0.50,0.25,0.00,0.25,Ser
0.00,0.75,0.25,0.00,His
0.00,0.25,0.75,0.00,Asn
0.25,0.50,0.25,0.00,His
0.00,0.25,0.25,0.50,Asp
0.00,0.25,0.25,0.50,Ala
0.25,0.50,0.00,0.25,Leu
0.25,0.75,0.00,0.00,Leu
0.00,0.00,0.75,0.25,Lys
0.00,0.25,0.75,0.00,Asn
0.50,0.25,0.25,0.00,Tyr
0.00,0.00,0.00,1.00,Gly
0.25,0.50,0.00,0.25,Leu
0.25,0.75,0.00,0.00,Leu
0.00,0.75,0.25,0.00,His
0.50,0.25,0.00,0.25,Cys
0.75,0.25,0.00,0.00,Phe
0.00,0.00,0.50,0.50,Arg
0.00,0.00,0.75,0.25,Lys
0.00,0.25,0.25,0.50,Asp
0.25,0.00,0.50,0.25,Met
0.00,0.25,0.25,0.50,Asp
0.00,0.00,0.75,0.25,Lys
0.25,0.25,0.00,0.50,Val
0.00,0.00,0.25,0.75,Glu
0.00,0.25,0.75,0.00,Thr
0.75,0.25,0.00,0.00,Phe
0.25,0.50,0.00,0.25,Leu
0.00,0.75,0.00,0.25,Arg
0.25,0.00,0.50,0.25,Met
0.25,0.00,0.00,0.75,Val
0.00,0.50,0.25,0.25,Gin
0.50,0.25,0.00,0.25,Cys
0.00,0.75,0.00,0.25,Arg
0.75,0.25,0.00,0.00,Ser
0.25,0.00,0.00,0.75,Val
0.00,0.00,0.25,0.75,Glu
0.00,0.25,0.00,0.75,Gly
0.00,0.25,0.50,0.25,Ser
0.75,0.00,0.00,0.25,Cys
0.00,0.25,0.00,0.75,Gly
0.75,0.25,0.00,0.00,Phe
0.50,0.00,0.25,0.25,Stop
0.00,0.00,0.00,1.00,Gly
0.00,1.00,0.00,0.00,Pro
0.00,0.25,0.00,0.75,Ala
0.50,0.00,0.00,0.50,Trp
0.25,0.50,0.25,0.00,His
0.25,0.75,0.00,0.00,Pro
0.25,0.00,0.00,0.75,Val
0.00,0.50,0.50,0.00,Thr
0.25,0.75,0.00,0.00,Pro
0.00,1.00,0.00,0.00,Pro
0.00,0.50,0.25,0.25,Gin
0.50,0.25,0.00,0.25,Cys
0.25,0.75,0.00,0.00,Leu
0.50,0.50,0.00,0.00,Ser
0.50,0.00,0.00,0.50,Trp
0.00,1.00,0.00,0.00,Pro
0.50,0.00,0.25,0.25,Stop
0.00,0.00,0.50,0.50,Arg
0.50,0.25,0.00,0.25,Cys
0.00,0.75,0.25,0.00,His
0.50,0.50,0.00,0.00,Ser
0.25,0.00,0.50,0.25,Ser
0.00,0.50,0.00,0.50,Ala
0.00,0.75,0.25,0.00,His
0.00,0.50,0.25,0.25,Gin
0.25,0.75,0.00,0.00,Pro
0.75,0.00,0.00,0.25,Cys
0.50,0.50,0.00,0.00,Leu
0.25,0.00,0.75,0.00,Asn
0.00,0.00,1.00,0.00,Lys
0.50,0.00,0.50,0.00,lle
0.00,0.00,0.75,0.25,Lys
0.75,0.00,0.00,0.25,Phe
0.75,0.00,0.25,0.00,Tyr
0.75,0.00,0.00,0.25,Cys
0.75,0.25,0.00,0.00,Phe
0.25,0.25,0.50,0.00,lle
0.50,0.00,0.25,0.25,Stop
0.25,0.50,0.25,0.00,Leu
0.25,0.00,0.00,0.75,Gly
0.25,0.25,0.00,0.50,Val
0.50,0.50,0.00,0.00,Leu
0.25,0.50,0.25,0.00,Leu
0.50,0.00,0.50,0.00,Stop
0.75,0.00,0.25,0.00,Tyr
0.75,0.00,0.25,0.00,Tyr
0.00,0.00,0.00,1.00,Gly
0.25,0.00,0.00,0.75,Val
0.00,0.00,0.50,0.50,Glu
0.25,0.00,0.00,0.75,Gly
0.25,0.00,0.00,0.75,Gly
0.25,0.00,0.00,0.75,Gly
0.25,0.00,0.50,0.25,Met
0.00,0.00,0.25,0.75,Glu
0.00,0.50,0.50,0.00,Gin
0.00,0.00,0.00,1.00,Gly
0.25,0.00,0.25,0.50,Val
0.25,0.00,0.00,0.75,Gly
0.00,0.00,0.00,1.00,Gly
0.00,0.00,0.75,0.25,Lys
0.00,0.25,0.50,0.25,Thr
0.00,0.50,0.50,0.00,Thr
0.50,0.00,0.00,0.50,Trp
0.00,0.00,0.50,0.50,Arg
0.00,0.50,0.00,0.50,Ala
0.75,0.25,0.00,0.00,Phe
0.00,0.00,0.50,0.50,Arg
0.25,0.25,0.00,0.50,Val
0.75,0.00,0.25,0.00,Tyr
0.50,0.00,0.00,0.50,Trp
0.00,0.00,0.50,0.50,Glu
0.25,0.50,0.25,0.00,Leu
0.00,0.25,0.00,0.75,Gly
0.00,0.75,0.25,0.00,His
0.50,0.00,0.25,0.25,Stop
0.25,0.00,0.75,0.00,Asn
0.25,0.00,0.75,0.00,lle
0.00,0.00,0.75,0.25,Arg
0.25,0.00,0.00,0.75,Gly
0.75,0.00,0.00,0.25,Phe
0.25,0.25,0.00,0.50,Ala
0.50,0.00,0.00,0.50,Val
0.25,0.75,0.00,0.00,Pro
0.00,0.00,0.00,1.00,Gly
0.00,0.75,0.25,0.00,Pro
0.00,0.00,0.50,0.50,Glu
0.00,0.00,1.00,0.00,Lys
0.00,0.25,0.00,0.75,Gly
0.50,0.00,0.25,0.25,Stop
0.25,0.50,0.25,0.00,His
0.25,0.25,0.50,0.00,lle
0.25,0.25,0.50,0.00,Thr
0.25,0.25,0.00,0.50,Ala
0.25,0.25,0.00,0.50,Val
0.75,0.00,0.25,0.00,Tyr
0.50,0.25,0.25,0.00,Tyr
0.50,0.25,0.25,0.00,Ser
0.25,0.50,0.25,0.00,Leu
0.00,0.00,0.50,0.50,Arg
0.00,0.75,0.25,0.00,Pro
0.75,0.25,0.00,0.00,Phe
0.00,0.75,0.25,0.00,His
0.00,0.50,0.25,0.25,Gin
0.25,0.75,0.00,0.00,Leu
0.25,0.00,0.50,0.25,Ser
0.25,0.00,0.00,0.75,Gly
0.00,1.00,0.00,0.00,Pro
0.00,0.25,0.50,0.25,Ser
0.75,0.00,0.00,0.25,Phe
0.25,0.50,0.00,0.25,Leu
0.25,0.25,0.00,0.50,Val
0.25,0.00,0.75,0.00,lle
0.25,0.25,0.00,0.50,Ala
0.25,0.50,0.25,0.00,His
0.50,0.00,0.00,0.50,Trp
0.50,0.25,0.25,0.00,Ser
0.50,0.50,0.00,0.00,Ser
0.00,0.50,0.25,0.25,Gin
0.00,0.00,0.75,0.25,Arg
0.50,0.00,0.25,0.25,Stop
0.50,0.50,0.00,0.00,Leu
0.00,0.00,0.50,0.50,Glu
0.00,0.25,0.00,0.75,Gly
0.50,0.00,0.50,0.00,lle
0.75,0.25,0.00,0.00,Ser
0.50,0.50,0.00,0.00,Ser
0.50,0.50,0.00,0.00,Ser
0.00,1.00,0.00,0.00,Pro
0.00,0.50,0.50,0.00,Thr
0.25,0.25,0.50,0.00,lle
0.00,0.50,0.50,0.00,Thr
0.00,0.25,0.50,0.25,Ser
0.00,0.25,0.75,0.00,Asn
0.00,0.50,0.50,0.00,Thr
0.00,0.00,1.00,0.00,Lys
0.25,0.75,0.00,0.00,Pro
0.00,0.25,0.50,0.25,Ser
0.00,1.00,0.00,0.00,Pro
0.00,0.75,0.25,0.00,Pro
0.00,0.00,0.25,0.75,Gly
0.00,0.25,0.00,0.75,Ala
0.00,0.00,0.25,0.75,Gly
0.00,0.00,0.75,0.25,Arg
0.25,0.00,0.75,0.00,Asn
0.00,0.00,0.50,0.50,Glu
0.00,0.25,0.75,0.00,Asn
0.00,0.00,0.75,0.25,Lys
0.25,0.00,0.50,0.25,Met
0.00,0.25,0.00,0.75,Gly
0.75,0.00,0.25,0.00,Tyr
0.50,0.00,0.50,0.00,Stop
0.25,0.00,0.00,0.75,Val
0.00,0.50,0.25,0.25,Gin
0.00,0.00,0.50,0.50,Arg
0.00,0.50,0.50,0.00,Gin
0.00,0.00,1.00,0.00,Lys
0.25,0.75,0.00,0.00,Leu
0.00,1.00,0.00,0.00,Pro
0.00,0.25,0.75,0.00,Asn
0.00,0.00,0.50,0.50,Arg
0.50,0.00,0.25,0.25,Stop
0.00,0.00,0.25,0.75,Gly
0.00,0.25,0.75,0.00,Asn
0.25,0.00,0.75,0.00,Asn
0.00,0.25,0.00,0.75,Gly
0.25,0.00,0.75,0.00,lle
0.00,0.00,0.50,0.50,Glu
0.75,0.00,0.25,0.00,Leu
0.50,0.50,0.00,0.00,Leu
0.25,0.00,0.00,0.75,Val
0.75,0.25,0.00,0.00,Phe
0.00,0.00,0.25,0.75,Gly
0.00,0.00,0.75,0.25,Arg
0.50,0.00,0.50,0.00,lle
0.75,0.00,0.25,0.00,Leu
0.00,0.00,0.75,0.25,Arg
0.50,0.00,0.25,0.25,Stop
0.25,0.00,0.75,0.00,lle
0.75,0.25,0.00,0.00,Phe
0.50,0.50,0.00,0.00,Leu
0.00,0.00,0.75,0.25,Lys
0.00,1.00,0.00,0.00,Pro
0.00,0.25,0.75,0.00,Asn
0.50,0.25,0.25,0.00,Tyr
0.75,0.25,0.00,0.00,Ser
0.00,0.50,0.00,0.50,Arg
0.00,0.00,0.50,0.50,Glu
0.25,0.00,0.50,0.25,Met
0.00,0.00,0.75,0.25,Arg
0.00,0.25,0.75,0.00,Thr
0.25,0.00,0.50,0.25,Met
0.00,0.50,0.50,0.00,Gin
0.00,0.00,1.00,0.00,Lys
0.50,0.00,0.25,0.25,Stop
0.50,0.00,0.00,0.50,Val
0.50,0.00,0.25,0.25,Stop
0.00,0.25,0.25,0.50,Asp
0.25,0.00,0.75,0.00,lle
0.50,0.00,0.00,0.50,Trp
0.75,0.25,0.00,0.00,Phe
0.00,0.50,0.25,0.25,Gin
0.00,0.25,0.50,0.25,Ser
0.50,0.00,0.50,0.00,lle
0.50,0.00,0.00,0.50,Trp
0.25,0.00,0.75,0.00,Asn
0.25,0.50,0.00,0.25,Leu
0.25,0.00,0.75,0.00,Asn
0.50,0.00,0.25,0.25,Stop
0.00,0.25,0.00,0.75,Gly
0.00,0.00,0.75,0.25,Lys
0.00,0.00,0.25,0.75,Gly
0.25,0.00,0.50,0.25,Ser
0.00,0.00,0.25,0.75,Gly
0.00,0.00,0.75,0.25,Arg
0.00,0.00,0.25,0.75,Glu
0.50,0.00,0.50,0.00,lle
0.75,0.00,0.25,0.00,Leu
1.00,0.00,0.00,0.00,Phe
0.00,0.25,0.00,0.75,Ala
0.25,0.00,0.00,0.75,Gly
0.75,0.00,0.00,0.25,Cys
0.00,0.00,1.00,0.00,Lys
0.50,0.25,0.00,0.25,Cys
0.25,0.00,0.50,0.25,Ser
0.00,0.50,0.00,0.50,Ala
0.00,0.25,0.75,0.00,Asn
0.00,0.00,0.50,0.50,Arg
0.50,0.25,0.00,0.25,Cys
0.00,0.50,0.25,0.25,Gin
0.25,0.00,0.25,0.50,Val
0.25,0.00,0.25,0.50,Asp
0.00,0.25,0.75,0.00,Asn
0.00,0.25,0.75,0.00,Asn
0.25,0.00,0.25,0.50,Val
0.00,0.25,0.50,0.25,Ser
0.25,0.00,0.75,0.00,Asn
0.00,0.00,0.25,0.75,Glu
0.00,0.25,0.00,0.75,Gly
0.50,0.00,0.00,0.50,Trp
0.25,0.00,0.50,0.25,Met
0.00,0.25,0.25,0.50,Ala
0.00,0.00,0.00,1.00,Gly
0.25,0.00,0.25,0.50,Asp
0.00,0.00,1.00,0.00,Lys
0.50,0.50,0.00,0.00,Ser
0.00,0.50,0.25,0.25,Gin
0.25,0.00,0.50,0.25,Met
0.00,0.25,0.75,0.00,Thr
0.25,0.75,0.00,0.00,Leu
0.25,0.25,0.00,0.50,Ala
0.50,0.50,0.00,0.00,Ser
0.75,0.25,0.00,0.00,Phe
0.00,0.00,0.50,0.50,Arg
0.00,0.00,0.25,0.75,Gly
0.50,0.25,0.00,0.25,Cys
0.00,0.25,0.75,0.00,Asn
0.00,0.25,0.75,0.00,Thr
0.00,0.00,0.50,0.50,Glu
0.00,0.00,0.00,1.00,Gly
0.50,0.00,0.00,0.50,Trp
0.00,0.00,0.50,0.50,Glu
0.00,0.75,0.25,0.00,Pro
0.00,0.25,0.25,0.50,Ala
0.00,0.50,0.50,0.00,Gin
0.75,0.25,0.00,0.00,Ser
0.00,0.25,0.25,0.50,Ala
0.00,0.00,0.50,0.50,Glu
0.25,0.75,0.00,0.00,Leu
0.00,0.00,0.75,0.25,Lys
0.00,1.00,0.00,0.00,Pro
0.25,0.50,0.00,0.25,Leu
0.25,0.50,0.00,0.25,Leu
0.00,0.00,0.50,0.50,Arg
0.50,0.00,0.00,0.50,Trp
0.00,0.25,0.25,0.50,Asp
0.00,0.75,0.25,0.00,Pro
0.00,0.50,0.00,0.50,Ala
0.00,0.75,0.00,0.25,Arg
0.25,0.50,0.00,0.25,Leu
0.50,0.25,0.25,0.00,Ser
0.00,0.75,0.25,0.00,Pro
0.50,0.25,0.25,0.00,Ser
0.00,0.00,0.25,0.75,Gly
0.25,0.50,0.00,0.25,Leu
0.00,0.50,0.25,0.25,Gin
0.00,0.00,0.25,0.75,Gly
0.00,0.75,0.25,0.00,His
0.00,0.25,0.00,0.75,Gly
0.75,0.25,0.00,0.00,Phe
0.00,0.50,0.25,0.25,Gin
0.00,0.50,0.50,0.00,Thr
0.75,0.25,0.00,0.00,Phe
0.50,0.00,0.25,0.25,Stop
0.75,0.25,0.00,0.00,Phe
1.00,0.00,0.00,0.00,Phe
0.00,0.00,0.25,0.75,Glu
0.00,0.25,0.75,0.00,Thr
0.00,0.50,0.00,0.50,Ala
0.00,0.00,0.50,0.50,Arg
0.00,0.25,0.75,0.00,Thr
0.50,0.50,0.00,0.00,Ser
0.00,0.00,0.75,0.25,Arg
0.25,0.50,0.00,0.25,Leu
0.75,0.00,0.25,0.00,Leu
0.00,0.50,0.00,0.50,Arg
0.00,0.00,0.50,0.50,Glu
0.25,0.25,0.50,0.00,lle
0.50,0.00,0.50,0.00,Stop
0.75,0.00,0.25,0.00,Tyr
0.75,0.00,0.25,0.00,Leu
0.25,0.00,0.75,0.00,Asn
0.25,0.00,0.75,0.00,Asn
0.00,0.25,0.00,0.75,Gly
0.00,0.25,0.75,0.00,Asn
0.00,0.25,0.75,0.00,Thr
0.50,0.25,0.25,0.00,Tyr
0.50,0.00,0.25,0.25,Stop
0.00,0.00,1.00,0.00,Lys
0.75,0.25,0.00,0.00,Ser
1.00,0.00,0.00,0.00,Phe
0.00,0.00,0.75,0.25,Lys
0.00,0.25,0.00,0.75,Gly
0.00,0.00,1.00,0.00,Lys
0.25,0.00,0.75,0.00,Asn
0.50,0.00,0.50,0.00,Stop
0.00,1.00,0.00,0.00,Pro
0.00,0.00,1.00,0.00,Lys
0.00,0.75,0.25,0.00,His
0.00,0.25,0.75,0.00,Thr
0.50,0.00,0.00,0.50,Trp
0.75,0.25,0.00,0.00,Ser
0.00,0.75,0.25,0.00,Pro
0.00,0.25,0.50,0.25,Ser
0.75,0.00,0.00,0.25,Cys
0.25,0.50,0.00,0.25,Leu
0.50,0.00,0.25,0.25,Stop
0.00,0.25,0.25,0.50,Ala
0.50,0.00,0.50,0.00,lle
0.75,0.00,0.00,0.25,Phe
0.75,0.25,0.00,0.00,Phe
0.50,0.00,0.50,0.00,Stop
0.00,0.00,0.25,0.75,Glu
0.25,0.00,0.50,0.25,Met
0.75,0.00,0.00,0.25,Phe
0.50,0.00,0.50,0.00,lle
0.00,0.00,0.00,1.00,Gly
0.25,0.00,0.25,0.50,Val
0.25,0.25,0.50,0.00,Thr
0.50,0.00,0.00,0.50,Trp
0.75,0.00,0.00,0.25,Cys
0.00,0.00,0.75,0.25,Lys
0.00,0.00,0.25,0.75,Gly
0.00,0.00,0.75,0.25,Lys
0.25,0.00,0.75,0.00,Asn
0.00,0.50,0.25,0.25,Gin
0.00,0.00,1.00,0.00,Lys
0.25,0.00,0.25,0.50,Asp
0.75,0.00,0.00,0.25,Phe
0.00,0.25,0.00,0.75,Gly
0.75,0.00,0.00,0.25,Cys
0.25,0.00,0.50,0.25,Met
0.00,0.50,0.50,0.00,Gin
1.00,0.00,0.00,0.00,Phe
0.25,0.00,0.50,0.25,Ser
0.25,0.25,0.00,0.50,Val
0.25,0.25,0.00,0.50,Ala
0.00,0.00,0.50,0.50,Glu
0.50,0.00,0.50,0.00,Stop
0.50,0.00,0.50,0.00,lle
0.25,0.25,0.50,0.00,Thr
0.50,0.00,0.25,0.25,Stop
0.00,0.75,0.25,0.00,Pro
0.00,0.25,0.50,0.25,Ser
0.50,0.00,0.25,0.25,Stop
0.25,0.00,0.25,0.50,Asp
0.25,0.00,0.75,0.00,Asn
0.25,0.00,0.75,0.00,Asn
0.25,0.00,0.75,0.00,lle
0.75,0.00,0.00,0.25,Phe
0.50,0.50,0.00,0.00,Leu
0.50,0.25,0.25,0.00,Tyr
0.00,0.00,0.75,0.25,Lys
0.25,0.00,0.25,0.50,Asp
0.75,0.00,0.25,0.00,Tyr
0.25,0.00,0.00,0.75,Val
0.00,0.00,0.50,0.50,Arg
0.50,0.00,0.50,0.00,lle
0.00,0.00,1.00,0.00,Lys
0.50,0.25,0.00,0.25,Cys
0.25,0.00,0.75,0.00,Asn
0.25,0.00,0.00,0.75,Gly
0.50,0.00,0.50,0.00,lle
1.00,0.00,0.00,0.00,Phe
0.00,0.25,0.25,0.50,Asp
0.25,0.00,0.75,0.00,lle
0.75,0.00,0.25,0.00,Leu
0.50,0.00,0.25,0.25,Stop
0.50,0.25,0.25,0.00,Tyr
0.50,0.00,0.25,0.25,Stop
0.00,0.00,0.75,0.25,Arg
0.25,0.00,0.75,0.00,Asn
0.75,0.00,0.00,0.25,Cys
0.25,0.00,0.50,0.25,Ser
0.75,0.00,0.25,0.00,Tyr
0.75,0.25,0.00,0.00,Phe
0.50,0.25,0.00,0.25,Cys
0.50,0.00,0.50,0.00,lle
0.00,0.00,0.50,0.50,Glu
1.00,0.00,0.00,0.00,Phe
0.75,0.00,0.00,0.25,Phe
0.25,0.00,0.25,0.50,Asp
0.50,0.00,0.00,0.50,Val
0.75,0.00,0.25,0.00,Leu
0.50,0.00,0.50,0.00,Stop
0.50,0.00,0.50,0.00,Stop
0.50,0.00,0.50,0.00,Stop
0.50,0.00,0.50,0.00,Stop
0.00,0.25,0.75,0.00,Thr
0.75,0.25,0.00,0.00,Ser
0.00,0.00,0.25,0.75,Glu
0.25,0.00,0.50,0.25,Met
1.00,0.00,0.00,0.00,Phe
0.50,0.00,0.50,0.00,lle
0.50,0.00,0.50,0.00,lle
0.50,0.50,0.00,0.00,Ser
0.00,0.00,1.00,0.00,Lys
0.50,0.00,0.50,0.00,Stop
0.00,0.25,0.25,0.50,Ala
0.25,0.50,0.25,0.00,Leu
0.00,0.00,0.75,0.25,Lys
0.00,0.25,0.50,0.25,Ser
0.25,0.00,0.00,0.75,Gly
0.25,0.00,0.00,0.75,Gly
0.50,0.00,0.25,0.25,Stop
0.75,0.00,0.25,0.00,Leu
0.00,0.00,0.75,0.25,Arg
0.50,0.00,0.00,0.50,Val
0.50,0.25,0.25,0.00,Tyr
0.75,0.25,0.00,0.00,Ser
0.00,1.00,0.00,0.00,Pro
0.00,0.00,0.75,0.25,Lys
0.00,0.75,0.25,0.00,His
0.50,0.50,0.00,0.00,Leu
0.00,0.25,0.00,0.75,Gly
0.50,0.00,0.50,0.00,Stop
0.25,0.00,0.00,0.75,Val
0.25,0.25,0.50,0.00,Thr
0.25,0.00,0.00,0.75,Gly
0.00,0.25,0.25,0.50,Asp
0.25,0.50,0.25,0.00,Leu
0.25,0.00,0.75,0.00,Asn
0.25,0.50,0.25,0.00,Leu
0.50,0.25,0.25,0.00,Tyr
0.50,0.00,0.50,0.00,Stop
0.25,0.00,0.25,0.50,Asp
0.25,0.25,0.00,0.50,Ala
0.00,0.75,0.25,0.00,His
0.00,0.00,0.50,0.50,Arg
0.00,0.25,0.75,0.00,Asn
0.75,0.25,0.00,0.00,Ser
0.25,0.00,0.50,0.25,Ser
0.25,0.25,0.50,0.00,lle
0.00,0.50,0.50,0.00,Gin
0.00,0.00,1.00,0.00,Lys
0.50,0.00,0.25,0.25,Stop
1.00,0.00,0.00,0.00,Phe
0.25,0.50,0.25,0.00,His
0.00,0.00,0.50,0.50,Glu
0.25,0.25,0.00,0.50,Val
0.00,0.00,0.50,0.50,Arg
0.25,0.00,0.75,0.00,Asn
0.75,0.00,0.25,0.00,Tyr
1.00,0.00,0.00,0.00,Phe
0.00,0.25,0.75,0.00,Thr
0.25,0.00,0.50,0.25,Met
0.00,0.50,0.50,0.00,Gin
0.25,0.00,0.75,0.00,lle
0.25,0.25,0.50,0.00,lle
0.00,0.25,0.75,0.00,Asn
0.00,1.00,0.00,0.00,Pro
0.25,0.50,0.25,0.00,Leu
0.50,0.00,0.50,0.00,lle
0.25,0.00,0.75,0.00,Asn
0.50,0.50,0.00,0.00,Leu
0.50,0.50,0.00,0.00,Leu
0.50,0.00,0.25,0.25,Stop
0.00,0.00,0.75,0.25,Lys
0.75,0.25,0.00,0.00,Phe
0.50,0.00,0.25,0.25,Stop
0.75,0.25,0.00,0.00,Phe
0.75,0.00,0.25,0.00,Leu
0.75,0.00,0.00,0.25,Cys
0.00,0.50,0.00,0.50,Ala
0.25,0.00,0.75,0.00,lle
0.25,0.00,0.50,0.25,Met
0.25,0.00,0.75,0.00,Asn
1.00,0.00,0.00,0.00,Phe
1.00,0.00,0.00,0.00,Phe
0.25,0.00,0.25,0.50,Asp
0.00,0.25,0.75,0.00,Asn
0.00,0.00,0.25,0.75,Glu
0.00,0.50,0.50,0.00,Thr
0.00,0.75,0.25,0.00,His
0.75,0.00,0.00,0.25,Phe
0.75,0.00,0.00,0.25,Cys
0.50,0.25,0.25,0.00,Ser
1.00,0.00,0.00,0.00,Phe
0.75,0.00,0.00,0.25,Phe
0.25,0.25,0.00,0.50,Ala
0.50,0.00,0.50,0.00,lle
0.75,0.00,0.00,0.25,Phe
0.00,0.50,0.25,0.25,Gin
0.75,0.00,0.25,0.00,Leu
0.25,0.00,0.75,0.00,lle
0.25,0.25,0.50,0.00,Thr
0.00,0.50,0.25,0.25,Gin
0.50,0.50,0.00,0.00,Ser
0.75,0.00,0.00,0.25,Phe
0.00,0.00,0.25,0.75,Gly
0.25,0.00,0.50,0.25,Ser
0.25,0.00,0.00,0.75,Gly
0.50,0.25,0.25,0.00,Ser
0.00,0.00,0.75,0.25,Lys
0.25,0.50,0.00,0.25,Leu
0.00,0.25,0.75,0.00,Asn
0.50,0.00,0.50,0.00,Stop
0.50,0.25,0.25,0.00,Ser
0.00,0.00,0.50,0.50,Glu
0.25,0.75,0.00,0.00,Leu
0.50,0.00,0.25,0.25,Stop
0.00,0.25,0.50,0.25,Ser
0.50,0.25,0.00,0.25,Cys
0.50,0.25,0.00,0.25,Cys
0.50,0.00,0.50,0.00,lle
0.75,0.25,0.00,0.00,Ser
0.00,0.50,0.25,0.25,Gin
0.25,0.75,0.00,0.00,Leu
0.00,0.00,0.75,0.25,Arg
0.00,0.00,0.75,0.25,Arg
0.25,0.50,0.25,0.00,His
0.50,0.50,0.00,0.00,Ser
0.50,0.25,0.00,0.25,Cys
0.25,0.25,0.50,0.00,lle
0.75,0.00,0.25,0.00,Leu
0.25,0.50,0.00,0.25,Arg
0.75,0.00,0.00,0.25,Cys
0.75,0.25,0.00,0.00,Ser
0.75,0.25,0.00,0.00,Ser
0.25,0.25,0.50,0.00,Thr
0.50,0.00,0.50,0.00,lle
0.00,0.00,0.25,0.75,Gly
0.50,0.00,0.50,0.00,lle
0.50,0.00,0.50,0.00,Stop
0.25,0.00,0.75,0.00,Asn
0.50,0.25,0.25,0.00,Tyr
0.00,0.25,0.00,0.75,Gly
0.50,0.00,0.50,0.00,lle
0.75,0.00,0.00,0.25,Phe
0.00,0.00,0.25,0.75,Glu
0.75,0.00,0.25,0.00,Leu
0.00,0.00,0.50,0.50,Glu
0.00,0.00,0.00,1.00,Gly
0.25,0.75,0.00,0.00,Pro
0.25,0.50,0.25,0.00,His
0.00,0.00,0.75,0.25,Lys
0.50,0.25,0.25,0.00,Ser
0.25,0.25,0.00,0.50,Val
0.50,0.00,0.25,0.25,Stop
1.00,0.00,0.00,0.00,Phe
0.50,0.50,0.00,0.00,Leu
0.25,0.50,0.25,0.00,Leu
0.50,0.50,0.00,0.00,Leu
0.50,0.00,0.00,0.50,Trp
0.00,0.00,0.50,0.50,Glu
0.75,0.25,0.00,0.00,Ser
0.75,0.00,0.25,0.00,Tyr
0.25,0.75,0.00,0.00,Pro
0.00,0.25,0.75,0.00,Thr
0.00,0.25,0.00,0.75,Ala
0.50,0.50,0.00,0.00,Ser
0.50,0.00,0.50,0.00,lle
0.00,0.25,0.75,0.00,Thr
0.25,0.25,0.00,0.50,Val
0.25,0.00,0.50,0.25,Ser
0.50,0.00,0.50,0.00,lle
0.00,0.75,0.25,0.00,Pro
0.50,0.00,0.50,0.00,lle
0.00,0.25,0.75,0.00,Thr
0.25,0.00,0.50,0.25,Ser
0.25,0.00,0.00,0.75,Val
0.50,0.00,0.25,0.25,Stop
0.00,0.75,0.25,0.00,His
0.50,0.00,0.25,0.25,Stop
0.00,0.25,0.75,0.00,Asn
0.00,0.50,0.50,0.00,Gin
0.00,0.00,0.00,1.00,Gly
0.25,0.00,0.75,0.00,Asn
0.00,1.00,0.00,0.00,Pro
1.00,0.00,0.00,0.00,Phe
0.00,0.75,0.25,0.00,His
0.00,0.00,0.75,0.25,Lys
0.25,0.25,0.00,0.50,Ala
0.50,0.50,0.00,0.00,Leu
0.25,0.50,0.25,0.00,His
0.75,0.25,0.00,0.00,Ser
0.25,0.00,0.75,0.00,Asn
0.00,0.00,1.00,0.00,Lys
0.00,0.75,0.25,0.00,Pro
0.25,0.75,0.00,0.00,Leu
0.50,0.25,0.25,0.00,Ser
0.75,0.00,0.00,0.25,Phe
0.00,0.50,0.25,0.25,Gin
0.00,0.00,1.00,0.00,Lys
0.25,0.25,0.50,0.00,Thr
0.50,0.00,0.50,0.00,lle
0.75,0.25,0.00,0.00,Ser
0.50,0.25,0.00,0.25,Cys
0.00,0.25,0.75,0.00,Thr
0.00,0.00,0.75,0.25,Lys
0.25,0.50,0.00,0.25,Leu
0.00,0.00,0.50,0.50,Glu
0.50,0.25,0.25,0.00,Ser
0.25,0.00,0.75,0.00,lle
0.75,0.25,0.00,0.00,Phe
0.25,0.50,0.00,0.25,Leu
0.00,0.50,0.50,0.00,Gin
0.75,0.00,0.00,0.25,Cys
0.25,0.75,0.00,0.00,Pro
0.50,0.25,0.25,0.00,Ser
1.00,0.00,0.00,0.00,Phe
0.00,0.25,0.00,0.75,Gly
0.50,0.50,0.00,0.00,Leu
0.00,0.00,1.00,0.00,Lys
0.50,0.00,0.50,0.00,lle
0.50,0.00,0.50,0.00,lle
0.50,0.00,0.25,0.25,Stop
0.00,0.00,1.00,0.00,Lys
0.75,0.25,0.00,0.00,Ser
0.00,0.50,0.25,0.25,Gin
0.75,0.25,0.00,0.00,Ser
0.75,0.00,0.25,0.00,Leu
0.00,0.00,0.50,0.50,Glu
0.25,0.25,0.00,0.50,Val
0.25,0.00,0.25,0.50,Asp
0.00,0.00,0.25,0.75,Gly
0.25,0.00,0.50,0.25,Met
0.00,0.25,0.50,0.25,Ser
0.00,0.25,0.75,0.00,Thr
0.50,0.00,0.50,0.00,lle
0.25,0.00,0.75,0.00,lle
0.50,0.00,0.50,0.00,lle
0.25,0.25,0.50,0.00,lle
0.75,0.25,0.00,0.00,Ser
0.00,0.50,0.00,0.50,Arg
0.50,0.50,0.00,0.00,Leu
0.00,0.25,0.00,0.75,Ala
0.75,0.00,0.00,0.25,Cys
1.00,0.00,0.00,0.00,Phe
0.00,0.00,1.00,0.00,Lys
0.00,0.00,0.50,0.50,Arg
0.00,0.00,1.00,0.00,Lys
0.75,0.00,0.00,0.25,Cys
0.00,0.00,0.25,0.75,Glu
0.00,0.75,0.25,0.00,Pro
0.75,0.25,0.00,0.00,Ser
0.50,0.00,0.50,0.00,Stop
0.50,0.00,0.50,0.00,Stop
0.25,0.00,0.25,0.50,Val
1.00,0.00,0.00,0.00,Phe
0.50,0.00,0.00,0.50,Val
0.00,0.00,0.50,0.50,Glu
0.50,0.25,0.00,0.25,Cys
0.00,0.25,0.50,0.25,Thr
0.50,0.00,0.25,0.25,Stop
0.00,0.50,0.25,0.25,Gin
0.50,0.00,0.00,0.50,Trp
0.25,0.00,0.75,0.00,Asn
0.00,0.25,0.25,0.50,Asp
0.25,0.00,0.75,0.00,Asn
0.25,0.25,0.00,0.50,Val
0.00,0.50,0.25,0.25,Gin
0.00,0.75,0.00,0.25,Arg
0.25,0.50,0.25,0.00,Leu
0.50,0.50,0.00,0.00,Leu
0.00,0.00,0.00,1.00,Gly
0.50,0.00,0.00,0.50,Trp
0.25,0.50,0.25,0.00,Leu
0.00,0.00,0.75,0.25,Arg
0.00,0.00,0.00,1.00,Gly
0.75,0.25,0.00,0.00,Phe
0.50,0.00,0.50,0.00,Stop
0.25,0.00,0.50,0.25,Ser
0.00,0.00,0.00,1.00,Gly
0.25,0.00,0.00,0.75,Val
0.25,0.25,0.00,0.50,Val
0.25,0.00,0.75,0.00,lle
0.00,0.25,0.75,0.00,Thr
0.75,0.00,0.25,0.00,Tyr
0.00,0.25,0.75,0.00,Asn
0.50,0.00,0.25,0.25,Stop
0.25,0.25,0.50,0.00,Thr
0.00,0.25,0.25,0.50,Ala
0.00,0.00,0.00,1.00,Gly
0.00,0.00,0.25,0.75,Gly
0.00,0.50,0.00,0.50,Ala
0.00,0.25,0.75,0.00,Thr
0.00,0.75,0.00,0.25,Arg
0.00,0.50,0.25,0.25,Gin
0.00,0.00,0.75,0.25,Arg
0.25,0.50,0.00,0.25,Leu
0.50,0.50,0.00,0.00,Ser
0.00,0.50,0.50,0.00,Thr
0.00,0.50,0.25,0.25,Gin
0.25,0.75,0.00,0.00,Leu
0.00,1.00,0.00,0.00,Pro
0.50,0.25,0.00,0.25,Ser
0.25,0.00,0.00,0.75,Gly
0.25,0.00,0.75,0.00,lle
0.00,0.00,0.25,0.75,Gly
0.00,0.00,0.50,0.50,Glu
0.50,0.50,0.00,0.00,Ser
0.25,0.25,0.50,0.00,Thr
0.00,0.50,0.50,0.00,Gin
0.00,0.75,0.25,0.00,Pro
0.25,0.50,0.00,0.25,Leu
0.25,0.50,0.00,0.25,Leu
0.50,0.00,0.00,0.50,Val
0.00,0.00,0.25,0.75,Glu
0.25,0.00,0.75,0.00,Asn
0.50,0.00,0.25,0.25,Stop
0.00,0.00,1.00,0.00,Lys
0.25,0.00,0.25,0.50,Asp
0.25,0.25,0.50,0.00,Thr
0.00,0.50,0.50,0.00,Thr
0.50,0.00,0.25,0.25,Stop
0.50,0.50,0.00,0.00,Leu
0.50,0.25,0.00,0.25,Cys
0.00,0.25,0.75,0.00,Thr
1.00,0.00,0.00,0.00,Phe
0.50,0.00,0.25,0.25,Stop
0.25,0.00,0.75,0.00,Asn
0.25,0.00,0.75,0.00,lle
0.00,0.00,1.00,0.00,Lys
0.00,0.00,0.75,0.25,Arg
0.25,0.75,0.00,0.00,Pro
0.50,0.00,0.50,0.00,Stop
0.00,0.00,0.75,0.25,Arg
0.00,0.75,0.25,0.00,Pro
0.75,0.25,0.00,0.00,Ser
0.25,0.25,0.00,0.50,Ala
0.75,0.00,0.25,0.00,Leu
0.00,0.25,0.75,0.00,Asn
0.75,0.25,0.00,0.00,Ser
0.75,0.00,0.00,0.25,Phe
0.50,0.00,0.50,0.00,lle
0.50,0.25,0.25,0.00,Tyr
0.25,0.50,0.25,0.00,Leu
0.25,0.50,0.00,0.25,Leu
0.75,0.00,0.25,0.00,Leu
0.25,0.25,0.00,0.50,Val
0.50,0.25,0.25,0.00,Tyr
0.50,0.50,0.00,0.00,Leu
0.50,0.25,0.25,0.00,Ser
0.25,0.25,0.00,0.50,Ala
0.25,0.50,0.25,0.00,His
0.00,0.50,0.50,0.00,Gin
0.50,0.50,0.00,0.00,Leu
0.25,0.00,0.00,0.75,Gly
0.25,0.00,0.00,0.75,Val
0.00,0.25,0.25,0.50,Asp
0.00,0.25,0.00,0.75,Gly
0.25,0.00,0.75,0.00,Asn
0.75,0.25,0.00,0.00,Phe
0.00,0.75,0.00,0.25,Arg
0.50,0.25,0.00,0.25,Cys
0.00,0.00,1.00,0.00,Lys
1.00,0.00,0.00,0.00,Phe
0.00,0.00,0.25,0.75,Glu
0.25,0.00,0.50,0.25,Met
0.25,0.75,0.00,0.00,Pro
0.00,0.00,0.50,0.50,Arg
0.25,0.00,0.00,0.75,Val
1.00,0.00,0.00,0.00,Phe
0.75,0.25,0.00,0.00,Ser
0.00,0.00,1.00,0.00,Lys
0.00,0.50,0.25,0.25,Arg
0.50,0.25,0.00,0.25,Cys
0.50,0.00,0.50,0.00,lle
0.25,0.50,0.00,0.25,Arg
0.00,0.00,0.25,0.75,Glu
0.00,1.00,0.00,0.00,Pro
0.50,0.25,0.25,0.00,Ser
0.25,0.75,0.00,0.00,Leu
0.25,0.75,0.00,0.00,Pro
0.00,0.00,0.25,0.75,Glu
0.50,0.00,0.50,0.00,lle
0.25,0.50,0.00,0.25,Leu
0.25,0.00,0.75,0.00,lle
0.50,0.00,0.50,0.00,Stop
0.75,0.00,0.25,0.00,Leu
0.00,0.50,0.00,0.50,Ala
0.50,0.00,0.00,0.50,Trp
0.25,0.00,0.75,0.00,Asn
0.25,0.00,0.00,0.75,Val
0.25,0.25,0.00,0.50,Val
0.00,0.50,0.25,0.25,Gin
0.00,0.25,0.25,0.50,Ala
0.00,0.00,0.75,0.25,Arg
0.25,0.00,0.25,0.50,Val
0.50,0.00,0.00,0.50,Val
0.50,0.00,0.25,0.25,Stop
0.00,0.00,1.00,0.00,Lys
0.50,0.50,0.00,0.00,Leu
0.50,0.50,0.00,0.00,Ser
0.00,0.50,0.25,0.25,Gin
0.25,0.00,0.00,0.75,Val
0.50,0.00,0.50,0.00,lle
0.25,0.50,0.25,0.00,Leu
0.50,0.25,0.25,0.00,Ser
0.75,0.00,0.00,0.25,Cys
0.00,0.00,1.00,0.00,Lys
0.00,0.50,0.50,0.00,Gin
0.25,0.00,0.00,0.75,Gly
0.50,0.00,0.25,0.25,Stop
0.00,0.00,0.50,0.50,Glu
0.00,0.75,0.25,0.00,Pro
0.25,0.50,0.00,0.25,Leu
0.75,0.00,0.00,0.25,Cys
0.50,0.00,0.25,0.25,Stop
0.00,0.00,0.25,0.75,Gly
0.00,0.75,0.00,0.25,Pro
0.00,0.50,0.50,0.00,Gin
0.00,0.00,0.75,0.25,Arg
0.50,0.00,0.25,0.25,Stop
0.00,0.25,0.25,0.50,Asp
0.00,0.75,0.25,0.00,Pro
0.75,0.00,0.00,0.25,Cys
0.50,0.00,0.00,0.50,Val
0.00,0.75,0.25,0.00,His
0.00,0.25,0.50,0.25,Ser
0.75,0.00,0.00,0.25,Cys
0.75,0.00,0.00,0.25,Cys
0.50,0.00,0.50,0.00,lle
0.25,0.00,0.00,0.75,Gly
0.00,0.00,0.25,0.75,Gly
0.00,0.25,0.75,0.00,Thr
0.00,0.00,0.00,1.00,Gly
0.00,0.00,1.00,0.00,Lys
0.00,0.25,0.50,0.25,Thr
0.00,0.00,0.25,0.75,Glu
0.00,0.00,1.00,0.00,Lys
0.00,0.00,0.75,0.25,Lys
0.00,0.00,0.25,0.75,Glu
0.00,0.25,0.50,0.25,Thr
0.00,0.00,0.75,0.25,Arg
0.00,0.25,0.00,0.75,Gly
0.25,0.50,0.00,0.25,Leu
0.00,0.25,0.00,0.75,Gly
0.00,0.50,0.25,0.25,Gin
0.75,0.00,0.00,0.25,Phe
0.50,0.00,0.00,0.50,Trp
0.50,0.25,0.00,0.25,Cys
0.00,0.75,0.25,0.00,His
0.25,0.50,0.00,0.25,Leu
0.25,0.75,0.00,0.00,Leu
0.25,0.50,0.25,0.00,Leu
0.50,0.00,0.50,0.00,lle
0.00,0.75,0.25,0.00,Pro
0.00,0.50,0.50,0.00,Thr
0.25,0.00,0.50,0.25,Ser
0.25,0.50,0.25,0.00,His
0.25,0.50,0.25,0.00,Leu
0.00,0.00,1.00,0.00,Lys
0.25,0.00,0.50,0.25,Ser
0.50,0.00,0.00,0.50,Val
0.75,0.00,0.25,0.00,Tyr
0.25,0.50,0.00,0.25,Arg
0.00,0.00,0.25,0.75,Glu
0.00,0.75,0.25,0.00,Pro
0.25,0.25,0.00,0.50,Val
0.00,0.25,0.75,0.00,Thr
0.00,0.00,0.50,0.50,Glu
0.00,0.00,0.75,0.25,Arg
0.00,0.50,0.50,0.00,Gin
0.25,0.00,0.75,0.00,lle
0.25,0.75,0.00,0.00,Leu
0.75,0.25,0.00,0.00,Ser
0.25,0.00,0.25,0.50,Asp
0.50,0.50,0.00,0.00,Ser
0.25,0.00,0.50,0.25,Ser
0.50,0.00,0.25,0.25,Stop
0.25,0.00,0.50,0.25,Met
0.00,0.00,0.50,0.50,Arg
0.50,0.25,0.25,0.00,Tyr
0.50,0.25,0.25,0.00,Ser
0.00,0.00,0.25,0.75,Glu
0.00,0.50,0.25,0.25,Gin
0.50,0.25,0.25,0.00,Ser
0.25,0.00,0.75,0.00,Asn
0.50,0.25,0.00,0.25,Ser
0.50,0.00,0.25,0.25,Stop
0.00,0.00,0.75,0.25,Arg
0.00,0.50,0.50,0.00,Gin
0.00,0.00,1.00,0.00,Lys
0.25,0.00,0.25,0.50,Val
0.00,0.00,0.25,0.75,Gly
0.50,0.00,0.00,0.50,Trp
0.50,0.00,0.00,0.50,Trp
0.25,0.50,0.00,0.25,Leu
0.00,0.75,0.25,0.00,Pro
0.25,0.00,0.00,0.75,Val
0.25,0.25,0.00,0.50,Ala
0.25,0.00,0.00,0.75,Val
0.00,0.00,0.00,1.00,Gly
0.00,0.00,0.50,0.50,Arg
0.25,0.00,0.25,0.50,Asp
0.00,0.00,0.25,0.75,Gly
0.25,0.00,0.75,0.00,lle
0.00,0.00,0.00,1.00,Gly
0.00,0.25,0.50,0.25,Ser
0.25,0.50,0.25,0.00,His
0.75,0.00,0.25,0.00,Leu
0.00,0.25,0.50,0.25,Thr
0.00,0.25,0.50,0.25,Ser
0.00,0.25,0.75,0.00,Thr
0.00,0.00,0.00,1.00,Gly
1.00,0.00,0.00,0.00,Phe
0.00,0.50,0.25,0.25,Gin
0.25,0.50,0.00,0.25,Leu
0.50,0.25,0.00,0.25,Cys
0.00,0.00,0.75,0.25,Lys
0.25,0.00,0.50,0.25,Met
0.00,0.00,1.00,0.00,Lys
0.00,0.00,0.50,0.50,Arg
0.50,0.00,0.00,0.50,Val
0.25,0.50,0.00,0.25,Leu
0.00,0.00,0.25,0.75,Glu
0.25,0.00,0.50,0.25,Met
0.50,0.00,0.00,0.50,Val
0.25,0.00,0.00,0.75,Gly
0.25,0.00,0.00,0.75,Gly
0.00,0.00,0.25,0.75,Glu
0.25,0.00,0.00,0.75,Gly
0.50,0.25,0.00,0.25,Cys
0.25,0.00,0.50,0.25,Met
0.00,0.25,0.50,0.25,Thr
0.25,0.00,0.50,0.25,Met
0.50,0.25,0.25,0.00,Ser
0.25,0.00,0.50,0.25,Met
0.50,0.25,0.25,0.00,Tyr
0.75,0.00,0.00,0.25,Phe
0.00,0.25,0.50,0.25,Thr
0.50,0.00,0.25,0.25,Stop
0.00,0.75,0.00,0.25,Pro
0.00,0.25,0.75,0.00,Asn
0.75,0.00,0.00,0.25,Cys
0.00,0.25,0.75,0.00,Thr
0.25,0.50,0.00,0.25,Arg
0.00,0.00,1.00,0.00,Lys
0.25,0.00,0.50,0.25,Met
0.50,0.00,0.00,0.50,Val
0.00,0.00,0.75,0.25,Lys
0.25,0.00,0.50,0.25,Met
0.00,0.00,0.50,0.50,Glu
0.25,0.00,0.50,0.25,Met
1.00,0.00,0.00,0.00,Phe
0.25,0.00,0.75,0.00,lle
0.75,0.25,0.00,0.00,Ser
0.75,0.25,0.00,0.00,Ser
0.00,0.75,0.25,0.00,His
0.00,0.25,0.75,0.00,Asn
0.50,0.00,0.50,0.00,Stop
0.00,0.00,1.00,0.00,Lys
0.75,0.00,0.00,0.25,Phe
0.75,0.00,0.25,0.00,Leu
0.25,0.00,0.75,0.00,lle
0.50,0.00,0.00,0.50,Val
0.75,0.25,0.00,0.00,Ser
1.00,0.00,0.00,0.00,Phe
0.50,0.00,0.00,0.50,Val
1.00,0.00,0.00,0.00,Phe
0.50,0.00,0.00,0.50,Val
1.00,0.00,0.00,0.00,Phe
0.50,0.00,0.00,0.50,Val
1.00,0.00,0.00,0.00,Phe
0.00,0.00,0.25,0.75,Glu
0.00,0.25,0.75,0.00,Thr
0.00,0.00,0.25,0.75,Glu
0.25,0.25,0.00,0.50,Ala
0.00,0.00,0.25,0.75,Gly
0.25,0.00,0.00,0.75,Val
0.00,0.50,0.25,0.25,Gin
0.50,0.00,0.00,0.50,Trp
0.50,0.00,0.00,0.50,Trp
0.25,0.00,0.25,0.50,Asp
0.50,0.50,0.00,0.00,Leu
0.00,0.25,0.00,0.75,Gly
0.50,0.25,0.25,0.00,Ser
0.25,0.50,0.00,0.25,Leu
0.00,0.50,0.50,0.00,Gin
0.25,0.75,0.00,0.00,Pro
0.00,0.75,0.00,0.25,Pro
0.25,0.75,0.00,0.00,Pro
0.25,0.75,0.00,0.00,Pro
0.00,1.00,0.00,0.00,Pro
0.00,0.00,0.00,1.00,Gly
0.75,0.25,0.00,0.00,Phe
0.00,0.00,0.75,0.25,Lys
0.50,0.00,0.25,0.25,Stop
0.75,0.25,0.00,0.00,Phe
0.50,0.25,0.25,0.00,Ser
0.50,0.25,0.00,0.25,Cys
0.25,0.75,0.00,0.00,Leu
0.00,0.25,0.50,0.25,Ser
0.25,0.75,0.00,0.00,Leu
0.25,0.50,0.00,0.25,Leu
0.25,0.00,0.50,0.25,Ser
0.00,0.25,0.50,0.25,Ser
0.50,0.00,0.00,0.50,Trp
0.25,0.00,0.25,0.50,Asp
0.75,0.00,0.25,0.00,Tyr
0.00,0.00,0.75,0.25,Lys
0.75,0.00,0.00,0.25,Cys
0.00,0.25,0.25,0.50,Ala
0.00,0.75,0.25,0.00,Pro
0.00,0.75,0.25,0.00,Pro
0.00,0.75,0.25,0.00,His
0.00,0.00,0.50,0.50,Arg
0.00,0.25,0.25,0.50,Ala
0.25,0.00,0.25,0.50,Asp
1.00,0.00,0.00,0.00,Phe
0.75,0.00,0.00,0.25,Cys
0.50,0.00,0.50,0.00,lle
1.00,0.00,0.00,0.00,Phe
0.25,0.00,0.00,0.75,Gly
0.00,0.00,1.00,0.00,Lys
0.00,0.25,0.25,0.50,Asp
0.00,0.00,0.50,0.50,Arg
0.50,0.00,0.00,0.50,Val
0.50,0.25,0.00,0.25,Ser
0.00,0.75,0.25,0.00,Pro
0.75,0.00,0.00,0.25,Cys
0.50,0.00,0.00,0.50,Trp
0.00,0.75,0.25,0.00,Pro
0.00,0.25,0.00,0.75,Gly
0.50,0.00,0.00,0.50,Trp
0.75,0.25,0.00,0.00,Ser
0.00,0.50,0.50,0.00,Gin
0.25,0.25,0.50,0.00,Thr
0.25,0.75,0.00,0.00,Pro
0.00,0.25,0.00,0.75,Gly
0.25,0.75,0.00,0.00,Leu
